Time X Y Z ID Radius Species
0 -1.22267e-06 -9.00328e-06 -3.20074e-06 0 1e-06 0
0 -1.77371e-06 -1.01522e-05 -2.97137e-06 1 1e-06 0
0 -1.36398e-06 -1.06064e-05 -3.12695e-06 2 1e-06 0
0 -2.44315e-06 -1.0325e-05 -2.99882e-06 3 1e-06 0
0 -1.41899e-06 -1.08755e-05 -3.937e-06 4 1e-06 0
0 -9.69452e-07 -1.08243e-05 -2.98384e-06 5 1e-06 0
0.05 -1.19722e-06 -8.94429e-06 -3.20692e-06 0 1e-06 0
0.05 -1.81552e-06 -1.01297e-05 -2.9457e-06 1 1e-06 0
0.05 -1.31992e-06 -1.06476e-05 -3.13388e-06 2 1e-06 0
0.05 -2.52485e-06 -1.0318e-05 -2.98477e-06 3 1e-06 0
0.05 -1.41392e-06 -1.08939e-05 -3.99844e-06 4 1e-06 0
0.05 -9.25539e-07 -1.08529e-05 -2.95358e-06 5 1e-06 0
0.1 -1.1517e-06 -8.83603e-06 -3.2222e-06 0 1e-06 0
0.1 -1.89745e-06 -1.00864e-05 -2.89812e-06 1 1e-06 0
0.1 -1.23351e-06 -1.07221e-05 -3.14965e-06 2 1e-06 0
0.1 -2.67021e-06 -1.02936e-05 -2.9616e-06 3 1e-06 0
0.1 -1.40557e-06 -1.09281e-05 -4.11374e-06 4 1e-06 0
0.1 -8.40195e-07 -1.08912e-05 -2.89474e-06 5 1e-06 0
0.15 -1.09025e-06 -8.70394e-06 -3.24723e-06 0 1e-06 0
0.15 -2.01488e-06 -1.00257e-05 -2.8298e-06 1 1e-06 0
0.15 -1.11952e-06 -1.08132e-05 -3.16965e-06 2 1e-06 0
0.15 -2.8562e-06 -1.02622e-05 -2.92623e-06 3 1e-06 0
0.15 -1.39656e-06 -1.09708e-05 -4.27613e-06 4 1e-06 0
0.15 -7.33355e-07 -1.09416e-05 -2.81488e-06 5 1e-06 0
0.2 -1.02444e-06 -8.56775e-06 -3.27557e-06 0 1e-06 0
0.2 -2.15648e-06 -9.95557e-06 -2.74487e-06 1 1e-06 0
0.2 -9.79599e-07 -1.09192e-05 -3.19313e-06 2 1e-06 0
0.2 -3.03841e-06 -1.0238e-05 -2.89819e-06 3 1e-06 0
0.2 -1.39811e-06 -1.10183e-05 -4.46166e-06 4 1e-06 0
0.2 -6.10523e-07 -1.09943e-05 -2.71348e-06 5 1e-06 0
0.25 -9.52861e-07 -8.43545e-06 -3.29886e-06 0 1e-06 0
0.25 -2.30274e-06 -9.86887e-06 -2.65481e-06 1 1e-06 0
0.25 -8.47413e-07 -1.10272e-05 -3.2141e-06 2 1e-06 0
0.25 -3.20993e-06 -1.02245e-05 -2.88157e-06 3 1e-06 0
0.25 -1.4183e-06 -1.10539e-05 -4.64888e-06 4 1e-06 0
0.25 -4.9155e-07 -1.1042e-05 -2.60872e-06 5 1e-06 0
0.3 -8.89103e-07 -8.31779e-06 -3.31648e-06 0 1e-06 0
0.3 -2.43509e-06 -9.77393e-06 -2.56479e-06 1 1e-06 0
0.3 -7.42641e-07 -1.11273e-05 -3.22852e-06 2 1e-06 0
0.3 -3.35462e-06 -1.02258e-05 -2.87966e-06 3 1e-06 0
0.3 -1.44936e-06 -1.10859e-05 -4.81775e-06 4 1e-06 0
0.3 -3.78528e-07 -1.10812e-05 -2.50807e-06 5 1e-06 0
0.35 -8.37325e-07 -8.20985e-06 -3.32964e-06 0 1e-06 0
0.35 -2.5325e-06 -9.68252e-06 -2.48823e-06 1 1e-06 0
0.35 -6.68144e-07 -1.12065e-05 -3.23581e-06 2 1e-06 0
0.35 -3.46702e-06 -1.02441e-05 -2.89748e-06 3 1e-06 0
0.35 -1.48814e-06 -1.11074e-05 -4.9571e-06 4 1e-06 0
0.35 -2.76568e-07 -1.11041e-05 -2.41805e-06 5 1e-06 0
0.4 -7.96051e-07 -8.11474e-06 -3.3412e-06 0 1e-06 0
0.4 -2.59974e-06 -9.59618e-06 -2.42248e-06 1 1e-06 0
0.4 -6.32801e-07 -1.12694e-05 -3.23398e-06 2 1e-06 0
0.4 -3.54305e-06 -1.02836e-05 -2.9363e-06 3 1e-06 0
0.4 -1.53408e-06 -1.1119e-05 -5.06118e-06 4 1e-06 0
0.4 -1.89385e-07 -1.11263e-05 -2.34304e-06 5 1e-06 0
0.45 -7.67064e-07 -8.0384e-06 -3.34861e-06 0 1e-06 0
0.45 -2.63047e-06 -9.51717e-06 -2.36902e-06 1 1e-06 0
0.45 -6.36961e-07 -1.13105e-05 -3.24102e-06 2 1e-06 0
0.45 -3.5782e-06 -1.03367e-05 -2.99493e-06 3 1e-06 0
0.45 -1.58174e-06 -1.11179e-05 -5.11416e-06 4 1e-06 0
0.45 -1.17421e-07 -1.1146e-05 -2.28497e-06 5 1e-06 0
0.5 -7.4188e-07 -7.97468e-06 -3.34707e-06 0 1e-06 0
0.5 -2.63165e-06 -9.44469e-06 -2.32769e-06 1 1e-06 0
0.5 -6.856e-07 -1.13287e-05 -3.2476e-06 2 1e-06 0
0.5 -3.58338e-06 -1.04043e-05 -3.07939e-06 3 1e-06 0
0.5 -1.62618e-06 -1.11139e-05 -5.12599e-06 4 1e-06 0
0.5 -5.91e-08 -1.11634e-05 -2.24654e-06 5 1e-06 0
0.55 -7.33269e-07 -7.92691e-06 -3.34199e-06 0 1e-06 0
0.55 -2.60656e-06 -9.37736e-06 -2.29836e-06 1 1e-06 0
0.55 -7.71975e-07 -1.13311e-05 -3.25309e-06 2 1e-06 0
0.55 -3.56269e-06 -1.04877e-05 -3.18145e-06 3 1e-06 0
0.55 -1.66485e-06 -1.11043e-05 -5.0973e-06 4 1e-06 0
0.55 -1.39145e-08 -1.11743e-05 -2.21896e-06 5 1e-06 0
0.6 -7.37255e-07 -7.89192e-06 -3.33466e-06 0 1e-06 0
0.6 -2.55285e-06 -9.30988e-06 -2.27847e-06 1 1e-06 0
0.6 -8.88673e-07 -1.13156e-05 -3.26207e-06 2 1e-06 0
0.6 -3.51649e-06 -1.05802e-05 -3.2923e-06 3 1e-06 0
0.6 -1.69874e-06 -1.10942e-05 -5.03958e-06 4 1e-06 0
0.6 2.09522e-08 -1.11824e-05 -2.21291e-06 5 1e-06 0
0.65 -7.51862e-07 -7.86555e-06 -3.31859e-06 0 1e-06 0
0.65 -2.48046e-06 -9.24547e-06 -2.25896e-06 1 1e-06 0
0.65 -1.02448e-06 -1.12938e-05 -3.26195e-06 2 1e-06 0
0.65 -3.45527e-06 -1.06823e-05 -3.40631e-06 3 1e-06 0
0.65 -1.72833e-06 -1.10824e-05 -4.96585e-06 4 1e-06 0
0.65 4.24063e-08 -1.11887e-05 -2.21838e-06 5 1e-06 0
0.7 -7.74467e-07 -7.85232e-06 -3.2989e-06 0 1e-06 0
0.7 -2.39957e-06 -9.19286e-06 -2.25489e-06 1 1e-06 0
0.7 -1.17271e-06 -1.12628e-05 -3.25806e-06 2 1e-06 0
0.7 -3.37882e-06 -1.07729e-05 -3.51846e-06 3 1e-06 0
0.7 -1.74712e-06 -1.10725e-05 -4.88201e-06 4 1e-06 0
0.7 5.85142e-08 -1.11918e-05 -2.24131e-06 5 1e-06 0
0.75 -8.04655e-07 -7.84558e-06 -3.27928e-06 0 1e-06 0
0.75 -2.3182e-06 -9.15185e-06 -2.25867e-06 1 1e-06 0
0.75 -1.324e-06 -1.1226e-05 -3.24796e-06 2 1e-06 0
0.75 -3.3043e-06 -1.08565e-05 -3.62299e-06 3 1e-06 0
0.75 -1.75829e-06 -1.10587e-05 -4.79618e-06 4 1e-06 0
0.75 7.07314e-08 -1.11884e-05 -2.27809e-06 5 1e-06 0
0.8 -8.33823e-07 -7.84385e-06 -3.26211e-06 0 1e-06 0
0.8 -2.23167e-06 -9.12176e-06 -2.26797e-06 1 1e-06 0
0.8 -1.47137e-06 -1.11815e-05 -3.22137e-06 2 1e-06 0
0.8 -3.25778e-06 -1.09278e-05 -3.71483e-06 3 1e-06 0
0.8 -1.7479e-06 -1.10427e-05 -4.71827e-06 4 1e-06 0
0.8 7.88792e-08 -1.11858e-05 -2.32197e-06 5 1e-06 0
0.85 -8.62694e-07 -7.84276e-06 -3.24454e-06 0 1e-06 0
0.85 -2.14674e-06 -9.09908e-06 -2.28107e-06 1 1e-06 0
0.85 -1.59687e-06 -1.1137e-05 -3.18351e-06 2 1e-06 0
0.85 -3.23949e-06 -1.09857e-05 -3.79254e-06 3 1e-06 0
0.85 -1.71156e-06 -1.10239e-05 -4.65075e-06 4 1e-06 0
0.85 8.40886e-08 -1.11831e-05 -2.37543e-06 5 1e-06 0
0.9 -8.87227e-07 -7.84327e-06 -3.23265e-06 0 1e-06 0
0.9 -2.06637e-06 -9.08821e-06 -2.29954e-06 1 1e-06 0
0.9 -1.70713e-06 -1.10929e-05 -3.13245e-06 2 1e-06 0
0.9 -3.25749e-06 -1.1035e-05 -3.86008e-06 3 1e-06 0
0.9 -1.64689e-06 -1.10074e-05 -4.59831e-06 4 1e-06 0
0.9 8.48797e-08 -1.1183e-05 -2.43826e-06 5 1e-06 0
0.95 -9.00937e-07 -7.83921e-06 -3.22749e-06 0 1e-06 0
0.95 -1.99962e-06 -9.09318e-06 -2.30933e-06 1 1e-06 0
0.95 -1.80024e-06 -1.10494e-05 -3.06832e-06 2 1e-06 0
0.95 -3.31159e-06 -1.10805e-05 -3.92036e-06 3 1e-06 0
0.95 -1.56101e-06 -1.09912e-05 -4.55722e-06 4 1e-06 0
0.95 7.94696e-08 -1.11869e-05 -2.51e-06 5 1e-06 0
1 -9.05355e-07 -7.82581e-06 -3.23502e-06 0 1e-06 0
1 -1.94689e-06 -9.10795e-06 -2.31462e-06 1 1e-06 0
1 -1.88908e-06 -1.10052e-05 -2.98931e-06 2 1e-06 0
1 -3.39552e-06 -1.11211e-05 -3.9771e-06 3 1e-06 0
1 -1.45813e-06 -1.09795e-05 -4.52312e-06 4 1e-06 0
1 7.09738e-08 -1.11826e-05 -2.58915e-06 5 1e-06 0
1.05 -8.991e-07 -7.80021e-06 -3.24752e-06 0 1e-06 0
1.05 -1.9081e-06 -9.1271e-06 -2.31375e-06 1 1e-06 0
1.05 -1.96242e-06 -1.09727e-05 -2.89535e-06 2 1e-06 0
1.05 -3.48215e-06 -1.11564e-05 -4.03707e-06 3 1e-06 0
1.05 -1.35462e-06 -1.0968e-05 -4.49221e-06 4 1e-06 0
1.05 5.54275e-08 -1.11787e-05 -2.67128e-06 5 1e-06 0
1.05 -7.47144e-07 5.24384e-06 -4.79727e-06 6 1e-06 0
1.05 -7.47144e-07 4.24384e-06 -4.79727e-06 7 1e-06 0
1.1 -8.87252e-07 -7.76506e-06 -3.26332e-06 0 1e-06 0
1.1 -1.88215e-06 -9.13897e-06 -2.30138e-06 1 1e-06 0
1.1 -2.02532e-06 -1.09566e-05 -2.79131e-06 2 1e-06 0
1.1 -3.568e-06 -1.1182e-05 -4.10607e-06 3 1e-06 0
1.1 -1.2563e-06 -1.09629e-05 -4.47201e-06 4 1e-06 0
1.1 3.73631e-08 -1.1174e-05 -2.74472e-06 5 1e-06 0
1.1 -7.53315e-07 5.28256e-06 -4.79522e-06 6 1e-06 0
1.1 -7.47634e-07 4.21333e-06 -4.79346e-06 7 1e-06 0
1.15 -8.67255e-07 -7.7229e-06 -3.2881e-06 0 1e-06 0
1.15 -1.85801e-06 -9.13337e-06 -2.28686e-06 1 1e-06 0
1.15 -2.09078e-06 -1.09537e-05 -2.68896e-06 2 1e-06 0
1.15 -3.63637e-06 -1.12072e-05 -4.16875e-06 3 1e-06 0
1.15 -1.17195e-06 -1.09557e-05 -4.45617e-06 4 1e-06 0
1.15 1.81415e-08 -1.11706e-05 -2.81679e-06 5 1e-06 0
1.15 -7.60488e-07 5.35049e-06 -4.7916e-06 6 1e-06 0
1.15 -7.47239e-07 4.15367e-06 -4.78833e-06 7 1e-06 0
1.2 -8.43773e-07 -7.6713e-06 -3.31832e-06 0 1e-06 0
1.2 -1.83355e-06 -9.11412e-06 -2.26617e-06 1 1e-06 0
1.2 -2.1629e-06 -1.09663e-05 -2.59187e-06 2 1e-06 0
1.2 -3.68989e-06 -1.12254e-05 -4.22268e-06 3 1e-06 0
1.2 -1.10896e-06 -1.09463e-05 -4.43675e-06 4 1e-06 0
1.2 8.6288e-09 -1.11691e-05 -2.87106e-06 5 1e-06 0
1.2 -7.7123e-07 5.44499e-06 -4.79033e-06 6 1e-06 0
1.2 -7.39813e-07 4.06942e-06 -4.78137e-06 7 1e-06 0
1.25 -8.24399e-07 -7.62955e-06 -3.34974e-06 0 1e-06 0
1.25 -1.80518e-06 -9.08356e-06 -2.24256e-06 1 1e-06 0
1.25 -2.23395e-06 -1.0993e-05 -2.51193e-06 2 1e-06 0
1.25 -3.71969e-06 -1.12378e-05 -4.26873e-06 3 1e-06 0
1.25 -1.07239e-06 -1.093e-05 -4.4302e-06 4 1e-06 0
1.25 5.78044e-09 -1.11663e-05 -2.90507e-06 5 1e-06 0
1.25 -7.85082e-07 5.55955e-06 -4.78769e-06 6 1e-06 0
1.25 -7.37468e-07 3.97063e-06 -4.7745e-06 7 1e-06 0
1.3 -8.07239e-07 -7.59279e-06 -3.37779e-06 0 1e-06 0
1.3 -1.77458e-06 -9.04047e-06 -2.21372e-06 1 1e-06 0
1.3 -2.30633e-06 -1.1023e-05 -2.43998e-06 2 1e-06 0
1.3 -3.72535e-06 -1.12507e-05 -4.30146e-06 3 1e-06 0
1.3 -1.06145e-06 -1.09118e-05 -4.43499e-06 4 1e-06 0
1.3 1.41778e-08 -1.11651e-05 -2.92153e-06 5 1e-06 0
1.3 -8.01597e-07 5.6867e-06 -4.78825e-06 6 1e-06 0
1.3 -7.36345e-07 3.86242e-06 -4.76899e-06 7 1e-06 0
1.35 -7.91864e-07 -7.55997e-06 -3.40175e-06 0 1e-06 0
1.35 -1.74527e-06 -9.01086e-06 -2.18609e-06 1 1e-06 0
1.35 -2.37833e-06 -1.10517e-05 -2.38095e-06 2 1e-06 0
1.35 -3.70842e-06 -1.12615e-05 -4.32742e-06 3 1e-06 0
1.35 -1.07905e-06 -1.08946e-05 -4.45318e-06 4 1e-06 0
1.35 2.98073e-08 -1.11675e-05 -2.92808e-06 5 1e-06 0
1.35 -8.16278e-07 5.8144e-06 -4.78952e-06 6 1e-06 0
1.35 -7.35913e-07 3.74998e-06 -4.75975e-06 7 1e-06 0
1.4 -7.82025e-07 -7.53483e-06 -3.41523e-06 0 1e-06 0
1.4 -1.71628e-06 -8.9898e-06 -2.16321e-06 1 1e-06 0
1.4 -2.44301e-06 -1.10784e-05 -2.33541e-06 2 1e-06 0
1.4 -3.67283e-06 -1.12697e-05 -4.34355e-06 3 1e-06 0
1.4 -1.11864e-06 -1.08828e-05 -4.48774e-06 4 1e-06 0
1.4 5.36108e-08 -1.11707e-05 -2.92749e-06 5 1e-06 0
1.4 -8.25993e-07 5.92535e-06 -4.79741e-06 6 1e-06 0
1.4 -7.36755e-07 3.65522e-06 -4.75253e-06 7 1e-06 0
1.45 -7.73323e-07 -7.51821e-06 -3.42335e-06 0 1e-06 0
1.45 -1.68883e-06 -8.97306e-06 -2.14585e-06 1 1e-06 0
1.45 -2.50678e-06 -1.10953e-05 -2.30485e-06 2 1e-06 0
1.45 -3.62459e-06 -1.12767e-05 -4.35283e-06 3 1e-06 0
1.45 -1.1733e-06 -1.08702e-05 -4.53208e-06 4 1e-06 0
1.45 7.42036e-08 -1.1173e-05 -2.92725e-06 5 1e-06 0
1.45 -8.3031e-07 6.02216e-06 -4.80942e-06 6 1e-06 0
1.45 -7.37431e-07 3.58327e-06 -4.74386e-06 7 1e-06 0
1.5 -7.69486e-07 -7.50582e-06 -3.42916e-06 0 1e-06 0
1.5 -1.66098e-06 -8.96524e-06 -2.13131e-06 1 1e-06 0
1.5 -2.56405e-06 -1.11077e-05 -2.27735e-06 2 1e-06 0
1.5 -3.56593e-06 -1.12813e-05 -4.35257e-06 3 1e-06 0
1.5 -1.22911e-06 -1.0862e-05 -4.57699e-06 4 1e-06 0
1.5 9.20134e-08 -1.1177e-05 -2.93223e-06 5 1e-06 0
1.5 -8.32817e-07 6.0978e-06 -4.81645e-06 6 1e-06 0
1.5 -7.34513e-07 3.52678e-06 -4.73191e-06 7 1e-06 0
1.55 -7.70251e-07 -7.49531e-06 -3.43281e-06 0 1e-06 0
1.55 -1.63607e-06 -8.96319e-06 -2.12261e-06 1 1e-06 0
1.55 -2.61227e-06 -1.11111e-05 -2.26045e-06 2 1e-06 0
1.55 -3.50517e-06 -1.12877e-05 -4.3444e-06 3 1e-06 0
1.55 -1.28679e-06 -1.08546e-05 -4.61437e-06 4 1e-06 0
1.55 1.04225e-07 -1.11824e-05 -2.93835e-06 5 1e-06 0
1.55 -8.34845e-07 6.14715e-06 -4.8231e-06 6 1e-06 0
1.55 -7.28336e-07 3.49036e-06 -4.7181e-06 7 1e-06 0
1.6 -7.70432e-07 -7.48867e-06 -3.43341e-06 0 1e-06 0
1.6 -1.60818e-06 -8.97155e-06 -2.11839e-06 1 1e-06 0
1.6 -2.65018e-06 -1.11128e-05 -2.2532e-06 2 1e-06 0
1.6 -3.44004e-06 -1.12952e-05 -4.33415e-06 3 1e-06 0
1.6 -1.34084e-06 -1.08522e-05 -4.64743e-06 4 1e-06 0
1.6 1.11983e-07 -1.11908e-05 -2.94449e-06 5 1e-06 0
1.6 -8.35623e-07 6.17577e-06 -4.83329e-06 6 1e-06 0
1.6 -7.23852e-07 3.47615e-06 -4.70505e-06 7 1e-06 0
1.65 -7.67651e-07 -7.48409e-06 -3.43214e-06 0 1e-06 0
1.65 -1.57996e-06 -8.98879e-06 -2.11618e-06 1 1e-06 0
1.65 -2.67888e-06 -1.11062e-05 -2.24744e-06 2 1e-06 0
1.65 -3.37891e-06 -1.13003e-05 -4.32539e-06 3 1e-06 0
1.65 -1.39499e-06 -1.08556e-05 -4.67623e-06 4 1e-06 0
1.65 1.14068e-07 -1.12e-05 -2.95445e-06 5 1e-06 0
1.65 -8.38841e-07 6.18457e-06 -4.84554e-06 6 1e-06 0
1.65 -7.19228e-07 3.48e-06 -4.69232e-06 7 1e-06 0
1.7 -7.69831e-07 -7.47773e-06 -3.42304e-06 0 1e-06 0
1.7 -1.5583e-06 -9.0094e-06 -2.11817e-06 1 1e-06 0
1.7 -2.70368e-06 -1.10925e-05 -2.24042e-06 2 1e-06 0
1.7 -3.32256e-06 -1.13031e-05 -4.31178e-06 3 1e-06 0
1.7 -1.44402e-06 -1.08598e-05 -4.69575e-06 4 1e-06 0
1.7 1.14792e-07 -1.1208e-05 -2.97041e-06 5 1e-06 0
1.7 -8.4264e-07 6.17776e-06 -4.85287e-06 6 1e-06 0
1.7 -7.15785e-07 3.50023e-06 -4.68419e-06 7 1e-06 0
1.75 -7.69609e-07 -7.47604e-06 -3.40766e-06 0 1e-06 0
1.75 -1.54271e-06 -9.0353e-06 -2.12052e-06 1 1e-06 0
1.75 -2.72158e-06 -1.10709e-05 -2.24073e-06 2 1e-06 0
1.75 -3.28466e-06 -1.13109e-05 -4.28821e-06 3 1e-06 0
1.75 -1.47137e-06 -1.08634e-05 -4.71087e-06 4 1e-06 0
1.75 1.0739e-07 -1.12137e-05 -2.98869e-06 5 1e-06 0
1.75 -8.46024e-07 6.15737e-06 -4.8561e-06 6 1e-06 0
1.75 -7.11803e-07 3.53636e-06 -4.67781e-06 7 1e-06 0
1.8 -7.68656e-07 -7.4789e-06 -3.38966e-06 0 1e-06 0
1.8 -1.53148e-06 -9.06307e-06 -2.12494e-06 1 1e-06 0
1.8 -2.73216e-06 -1.10419e-05 -2.24363e-06 2 1e-06 0
1.8 -3.26576e-06 -1.13223e-05 -4.26467e-06 3 1e-06 0
1.8 -1.47521e-06 -1.087e-05 -4.72302e-06 4 1e-06 0
1.8 9.73099e-08 -1.12176e-05 -3.00427e-06 5 1e-06 0
1.8 -8.45605e-07 6.12678e-06 -4.85646e-06 6 1e-06 0
1.8 -7.06434e-07 3.58505e-06 -4.67485e-06 7 1e-06 0
1.85 -7.67958e-07 -7.48525e-06 -3.37104e-06 0 1e-06 0
1.85 -1.52626e-06 -9.08721e-06 -2.13326e-06 1 1e-06 0
1.85 -2.73797e-06 -1.10147e-05 -2.24826e-06 2 1e-06 0
1.85 -3.25684e-06 -1.1336e-05 -4.23897e-06 3 1e-06 0
1.85 -1.46009e-06 -1.08747e-05 -4.73351e-06 4 1e-06 0
1.85 8.08761e-08 -1.12237e-05 -3.02719e-06 5 1e-06 0
1.85 -8.41498e-07 6.08826e-06 -4.85743e-06 6 1e-06 0
1.85 -7.04265e-07 3.64688e-06 -4.67166e-06 7 1e-06 0
1.9 -7.63219e-07 -7.4973e-06 -3.35096e-06 0 1e-06 0
1.9 -1.5236e-06 -9.11447e-06 -2.13628e-06 1 1e-06 0
1.9 -2.74769e-06 -1.09842e-05 -2.25563e-06 2 1e-06 0
1.9 -3.25691e-06 -1.1355e-05 -4.20826e-06 3 1e-06 0
1.9 -1.43055e-06 -1.08775e-05 -4.74139e-06 4 1e-06 0
1.9 6.25785e-08 -1.12297e-05 -3.05453e-06 5 1e-06 0
1.9 -8.3602e-07 6.04657e-06 -4.85636e-06 6 1e-06 0
1.9 -6.97315e-07 3.71336e-06 -4.66887e-06 7 1e-06 0
1.95 -7.62139e-07 -7.50852e-06 -3.32711e-06 0 1e-06 0
1.95 -1.52372e-06 -9.14625e-06 -2.14584e-06 1 1e-06 0
1.95 -2.74911e-06 -1.09534e-05 -2.26148e-06 2 1e-06 0
1.95 -3.27341e-06 -1.13836e-05 -4.17461e-06 3 1e-06 0
1.95 -1.39067e-06 -1.08767e-05 -4.74658e-06 4 1e-06 0
1.95 4.29411e-08 -1.12324e-05 -3.08037e-06 5 1e-06 0
1.95 -8.27678e-07 6.00289e-06 -4.85622e-06 6 1e-06 0
1.95 -6.90186e-07 3.78114e-06 -4.66898e-06 7 1e-06 0
2 -7.6277e-07 -7.5273e-06 -3.30002e-06 0 1e-06 0
2 -1.53199e-06 -9.17885e-06 -2.16288e-06 1 1e-06 0
2 -2.74833e-06 -1.09226e-05 -2.26626e-06 2 1e-06 0
2 -3.28722e-06 -1.14052e-05 -4.14094e-06 3 1e-06 0
2 -1.35377e-06 -1.08695e-05 -4.7499e-06 4 1e-06 0
2 2.1515e-08 -1.12329e-05 -3.10929e-06 5 1e-06 0
2 -8.16737e-07 5.96033e-06 -4.85121e-06 6 1e-06 0
2 -6.86058e-07 3.85239e-06 -4.67232e-06 7 1e-06 0
2.05 -7.63701e-07 -7.54957e-06 -3.27341e-06 0 1e-06 0
2.05 -1.53975e-06 -9.21154e-06 -2.18173e-06 1 1e-06 0
2.05 -2.75053e-06 -1.08929e-05 -2.27479e-06 2 1e-06 0
2.05 -3.29878e-06 -1.14209e-05 -4.1142e-06 3 1e-06 0
2.05 -1.31701e-06 -1.08636e-05 -4.74907e-06 4 1e-06 0
2.05 1.41603e-09 -1.12341e-05 -3.13691e-06 5 1e-06 0
2.05 -8.10652e-07 5.92398e-06 -4.84946e-06 6 1e-06 0
2.05 -6.82994e-07 3.91964e-06 -4.67968e-06 7 1e-06 0
2.1 -7.64908e-07 -7.56653e-06 -3.24245e-06 0 1e-06 0
2.1 -1.54652e-06 -9.2348e-06 -2.19934e-06 1 1e-06 0
2.1 -2.74479e-06 -1.08572e-05 -2.26875e-06 2 1e-06 0
2.1 -3.30297e-06 -1.1431e-05 -4.09629e-06 3 1e-06 0
2.1 -1.28499e-06 -1.08525e-05 -4.74712e-06 4 1e-06 0
2.1 -2.01078e-08 -1.12329e-05 -3.1649e-06 5 1e-06 0
2.1 -8.06963e-07 5.8901e-06 -4.84712e-06 6 1e-06 0
2.1 -6.75553e-07 3.96792e-06 -4.67981e-06 7 1e-06 0
2.15 -7.67762e-07 -7.58143e-06 -3.22293e-06 0 1e-06 0
2.15 -1.54525e-06 -9.25303e-06 -2.2149e-06 1 1e-06 0
2.15 -2.73717e-06 -1.08255e-05 -2.24515e-06 2 1e-06 0
2.15 -3.30028e-06 -1.14348e-05 -4.09275e-06 3 1e-06 0
2.15 -1.26155e-06 -1.0842e-05 -4.74346e-06 4 1e-06 0
2.15 -4.10748e-08 -1.12317e-05 -3.19462e-06 5 1e-06 0
2.15 -8.04521e-07 5.8714e-06 -4.85261e-06 6 1e-06 0
2.15 -6.66838e-07 3.99737e-06 -4.68131e-06 7 1e-06 0
2.2 -7.7456e-07 -7.59419e-06 -3.20651e-06 0 1e-06 0
2.2 -1.53659e-06 -9.25416e-06 -2.2315e-06 1 1e-06 0
2.2 -2.73826e-06 -1.08046e-05 -2.22413e-06 2 1e-06 0
2.2 -3.29563e-06 -1.14358e-05 -4.08889e-06 3 1e-06 0
2.2 -1.24569e-06 -1.08298e-05 -4.74004e-06 4 1e-06 0
2.2 -5.56027e-08 -1.12302e-05 -3.22187e-06 5 1e-06 0
2.2 -7.9888e-07 5.87078e-06 -4.85648e-06 6 1e-06 0
2.2 -6.60286e-07 4.0118e-06 -4.68212e-06 7 1e-06 0
2.25 -7.84063e-07 -7.60585e-06 -3.19201e-06 0 1e-06 0
2.25 -1.51843e-06 -9.24416e-06 -2.25123e-06 1 1e-06 0
2.25 -2.75078e-06 -1.07999e-05 -2.20029e-06 2 1e-06 0
2.25 -3.28719e-06 -1.14346e-05 -4.08789e-06 3 1e-06 0
2.25 -1.24439e-06 -1.08136e-05 -4.74576e-06 4 1e-06 0
2.25 -6.03411e-08 -1.12315e-05 -3.23343e-06 5 1e-06 0
2.25 -7.9463e-07 5.88576e-06 -4.85988e-06 6 1e-06 0
2.25 -6.53141e-07 4.0132e-06 -4.67736e-06 7 1e-06 0
2.3 -7.92303e-07 -7.62187e-06 -3.17889e-06 0 1e-06 0
2.3 -1.49033e-06 -9.22559e-06 -2.26798e-06 1 1e-06 0
2.3 -2.77073e-06 -1.07967e-05 -2.17929e-06 2 1e-06 0
2.3 -3.27836e-06 -1.14268e-05 -4.08616e-06 3 1e-06 0
2.3 -1.25767e-06 -1.07962e-05 -4.75669e-06 4 1e-06 0
2.3 -5.52225e-08 -1.12349e-05 -3.22903e-06 5 1e-06 0
2.3 -7.9496e-07 5.91426e-06 -4.8651e-06 6 1e-06 0
2.3 -6.39597e-07 3.9975e-06 -4.67158e-06 7 1e-06 0
2.35 -7.98979e-07 -7.62849e-06 -3.17189e-06 0 1e-06 0
2.35 -1.47108e-06 -9.22174e-06 -2.27468e-06 1 1e-06 0
2.35 -2.79195e-06 -1.07923e-05 -2.15932e-06 2 1e-06 0
2.35 -3.2654e-06 -1.14134e-05 -4.08383e-06 3 1e-06 0
2.35 -1.28498e-06 -1.07817e-05 -4.77263e-06 4 1e-06 0
2.35 -5.19847e-08 -1.12381e-05 -3.22357e-06 5 1e-06 0
2.35 -7.97544e-07 5.95324e-06 -4.87008e-06 6 1e-06 0
2.35 -6.2632e-07 3.97036e-06 -4.66698e-06 7 1e-06 0
2.4 -8.01544e-07 -7.62525e-06 -3.17794e-06 0 1e-06 0
2.4 -1.45184e-06 -9.22749e-06 -2.26972e-06 1 1e-06 0
2.4 -2.8079e-06 -1.0786e-05 -2.13722e-06 2 1e-06 0
2.4 -3.24538e-06 -1.13969e-05 -4.08417e-06 3 1e-06 0
2.4 -1.31185e-06 -1.07674e-05 -4.78285e-06 4 1e-06 0
2.4 -5.22496e-08 -1.12382e-05 -3.21673e-06 5 1e-06 0
2.4 -8.01696e-07 5.98571e-06 -4.87845e-06 6 1e-06 0
2.4 -6.13512e-07 3.94736e-06 -4.66781e-06 7 1e-06 0
2.45 -8.03817e-07 -7.60269e-06 -3.18999e-06 0 1e-06 0
2.45 -1.43991e-06 -9.25036e-06 -2.26072e-06 1 1e-06 0
2.45 -2.81725e-06 -1.07728e-05 -2.11698e-06 2 1e-06 0
2.45 -3.21928e-06 -1.13794e-05 -4.08229e-06 3 1e-06 0
2.45 -1.33838e-06 -1.07563e-05 -4.78822e-06 4 1e-06 0
2.45 -5.73013e-08 -1.12398e-05 -3.20895e-06 5 1e-06 0
2.45 -8.04601e-07 6.0188e-06 -4.88966e-06 6 1e-06 0
2.45 -6.01529e-07 3.92315e-06 -4.66635e-06 7 1e-06 0
2.5 -8.04411e-07 -7.57107e-06 -3.20331e-06 0 1e-06 0
2.5 -1.43291e-06 -9.27401e-06 -2.25228e-06 1 1e-06 0
2.5 -2.82654e-06 -1.07617e-05 -2.10013e-06 2 1e-06 0
2.5 -3.1937e-06 -1.13653e-05 -4.07942e-06 3 1e-06 0
2.5 -1.36077e-06 -1.07523e-05 -4.78821e-06 4 1e-06 0
2.5 -6.85991e-08 -1.12348e-05 -3.20046e-06 5 1e-06 0
2.5 -8.07621e-07 6.05076e-06 -4.89352e-06 6 1e-06 0
2.5 -5.93121e-07 3.89938e-06 -4.66021e-06 7 1e-06 0
2.55 -8.09465e-07 -7.54298e-06 -3.21763e-06 0 1e-06 0
2.55 -1.42866e-06 -9.29819e-06 -2.24783e-06 1 1e-06 0
2.55 -2.83168e-06 -1.07507e-05 -2.0912e-06 2 1e-06 0
2.55 -3.1683e-06 -1.13502e-05 -4.07763e-06 3 1e-06 0
2.55 -1.3795e-06 -1.07525e-05 -4.78395e-06 4 1e-06 0
2.55 -7.6996e-08 -1.12292e-05 -3.19166e-06 5 1e-06 0
2.55 -8.04307e-07 6.07403e-06 -4.89978e-06 6 1e-06 0
2.55 -5.89379e-07 3.88645e-06 -4.65302e-06 7 1e-06 0
2.6 -8.14027e-07 -7.52216e-06 -3.23547e-06 0 1e-06 0
2.6 -1.4231e-06 -9.32299e-06 -2.24472e-06 1 1e-06 0
2.6 -2.83897e-06 -1.07422e-05 -2.09287e-06 2 1e-06 0
2.6 -3.14101e-06 -1.13394e-05 -4.0796e-06 3 1e-06 0
2.6 -1.38613e-06 -1.07522e-05 -4.78375e-06 4 1e-06 0
2.6 -8.16555e-08 -1.12252e-05 -3.18489e-06 5 1e-06 0
2.6 -8.02596e-07 6.0867e-06 -4.90895e-06 6 1e-06 0
2.6 -5.87328e-07 3.8784e-06 -4.64961e-06 7 1e-06 0
2.65 -8.18647e-07 -7.50571e-06 -3.25437e-06 0 1e-06 0
2.65 -1.41854e-06 -9.34024e-06 -2.24627e-06 1 1e-06 0
2.65 -2.84576e-06 -1.07327e-05 -2.09804e-06 2 1e-06 0
2.65 -3.12735e-06 -1.13303e-05 -4.06735e-06 3 1e-06 0
2.65 -1.37052e-06 -1.07538e-05 -4.78865e-06 4 1e-06 0
2.65 -8.42865e-08 -1.12192e-05 -3.18013e-06 5 1e-06 0
2.65 -8.02755e-07 6.09055e-06 -4.91637e-06 6 1e-06 0
2.65 -5.85946e-07 3.87738e-06 -4.64824e-06 7 1e-06 0
2.7 -8.26018e-07 -7.49035e-06 -3.27437e-06 0 1e-06 0
2.7 -1.40673e-06 -9.35108e-06 -2.25267e-06 1 1e-06 0
2.7 -2.85513e-06 -1.07235e-05 -2.10619e-06 2 1e-06 0
2.7 -3.12321e-06 -1.13351e-05 -4.04849e-06 3 1e-06 0
2.7 -1.34971e-06 -1.07499e-05 -4.79711e-06 4 1e-06 0
2.7 -8.47286e-08 -1.12143e-05 -3.17831e-06 5 1e-06 0
2.7 -8.09308e-07 6.08509e-06 -4.92437e-06 6 1e-06 0
2.7 -5.87114e-07 3.88006e-06 -4.64476e-06 7 1e-06 0
2.75 -8.32656e-07 -7.48525e-06 -3.28351e-06 0 1e-06 0
2.75 -1.39185e-06 -9.35944e-06 -2.25754e-06 1 1e-06 0
2.75 -2.86111e-06 -1.07182e-05 -2.11653e-06 2 1e-06 0
2.75 -3.12168e-06 -1.1335e-05 -4.03383e-06 3 1e-06 0
2.75 -1.33381e-06 -1.07468e-05 -4.79837e-06 4 1e-06 0
2.75 -8.63495e-08 -1.12054e-05 -3.17756e-06 5 1e-06 0
2.75 -8.18282e-07 6.07619e-06 -4.92519e-06 6 1e-06 0
2.75 -5.87486e-07 3.88745e-06 -4.63585e-06 7 1e-06 0
2.8 -8.39347e-07 -7.48113e-06 -3.28628e-06 0 1e-06 0
2.8 -1.37823e-06 -9.36282e-06 -2.26603e-06 1 1e-06 0
2.8 -2.86491e-06 -1.0715e-05 -2.12864e-06 2 1e-06 0
2.8 -3.11404e-06 -1.13344e-05 -4.02446e-06 3 1e-06 0
2.8 -1.31665e-06 -1.07441e-05 -4.79566e-06 4 1e-06 0
2.8 -9.20046e-08 -1.11982e-05 -3.17298e-06 5 1e-06 0
2.8 -8.27165e-07 6.05766e-06 -4.92217e-06 6 1e-06 0
2.8 -5.86401e-07 3.90055e-06 -4.62338e-06 7 1e-06 0
2.85 -8.41484e-07 -7.48164e-06 -3.2844e-06 0 1e-06 0
2.85 -1.3627e-06 -9.36499e-06 -2.27725e-06 1 1e-06 0
2.85 -2.86823e-06 -1.07144e-05 -2.13932e-06 2 1e-06 0
2.85 -3.11006e-06 -1.13354e-05 -4.02594e-06 3 1e-06 0
2.85 -1.30166e-06 -1.07426e-05 -4.79421e-06 4 1e-06 0
2.85 -1.03185e-07 -1.11893e-05 -3.16668e-06 5 1e-06 0
2.85 -8.3435e-07 6.03513e-06 -4.92321e-06 6 1e-06 0
2.85 -5.85609e-07 3.91625e-06 -4.6148e-06 7 1e-06 0
2.9 -8.48019e-07 -7.49056e-06 -3.28031e-06 0 1e-06 0
2.9 -1.34831e-06 -9.36136e-06 -2.28535e-06 1 1e-06 0
2.9 -2.87487e-06 -1.07169e-05 -2.14716e-06 2 1e-06 0
2.9 -3.10294e-06 -1.13406e-05 -4.04131e-06 3 1e-06 0
2.9 -1.2888e-06 -1.07425e-05 -4.79099e-06 4 1e-06 0
2.9 -1.15152e-07 -1.11788e-05 -3.15941e-06 5 1e-06 0
2.9 -8.42238e-07 6.00708e-06 -4.92093e-06 6 1e-06 0
2.9 -5.87931e-07 3.93567e-06 -4.60088e-06 7 1e-06 0
2.95 -8.5361e-07 -7.50023e-06 -3.28041e-06 0 1e-06 0
2.95 -1.33883e-06 -9.35953e-06 -2.29961e-06 1 1e-06 0
2.95 -2.87871e-06 -1.07209e-05 -2.1533e-06 2 1e-06 0
2.95 -3.09905e-06 -1.13497e-05 -4.06727e-06 3 1e-06 0
2.95 -1.27979e-06 -1.07391e-05 -4.78786e-06 4 1e-06 0
2.95 -1.24986e-07 -1.11656e-05 -3.15106e-06 5 1e-06 0
2.95 -8.46797e-07 5.97986e-06 -4.91622e-06 6 1e-06 0
2.95 -5.94992e-07 3.95605e-06 -4.58829e-06 7 1e-06 0
3 -8.60262e-07 -7.51327e-06 -3.28106e-06 0 1e-06 0
3 -1.3294e-06 -9.35261e-06 -2.31589e-06 1 1e-06 0
3 -2.88567e-06 -1.07214e-05 -2.16019e-06 2 1e-06 0
3 -3.09505e-06 -1.13567e-05 -4.09381e-06 3 1e-06 0
3 -1.26538e-06 -1.07359e-05 -4.78991e-06 4 1e-06 0
3 -1.31503e-07 -1.11488e-05 -3.1433e-06 5 1e-06 0
3 -8.49533e-07 5.95168e-06 -4.91044e-06 6 1e-06 0
3 -6.0327e-07 3.97887e-06 -4.58102e-06 7 1e-06 0
3.05 -8.70141e-07 -7.53085e-06 -3.27337e-06 0 1e-06 0
3.05 -1.31799e-06 -9.34578e-06 -2.33112e-06 1 1e-06 0
3.05 -2.89151e-06 -1.07236e-05 -2.16801e-06 2 1e-06 0
3.05 -3.08547e-06 -1.13644e-05 -4.11653e-06 3 1e-06 0
3.05 -1.24895e-06 -1.07304e-05 -4.78958e-06 4 1e-06 0
3.05 -1.39114e-07 -1.1135e-05 -3.13517e-06 5 1e-06 0
3.05 -8.49588e-07 5.92232e-06 -4.90111e-06 6 1e-06 0
3.05 -6.08454e-07 3.98287e-06 -4.57335e-06 7 1e-06 0
3.1 -8.7965e-07 -7.54889e-06 -3.26387e-06 0 1e-06 0
3.1 -1.31111e-06 -9.33596e-06 -2.34752e-06 1 1e-06 0
3.1 -2.8943e-06 -1.07267e-05 -2.17869e-06 2 1e-06 0
3.1 -3.07299e-06 -1.1371e-05 -4.13676e-06 3 1e-06 0
3.1 -1.23502e-06 -1.07292e-05 -4.78447e-06 4 1e-06 0
3.1 -1.49325e-07 -1.11185e-05 -3.12988e-06 5 1e-06 0
3.1 -8.50941e-07 5.90848e-06 -4.89158e-06 6 1e-06 0
3.1 -6.11227e-07 3.97248e-06 -4.56673e-06 7 1e-06 0
3.15 -8.86559e-07 -7.56869e-06 -3.2518e-06 0 1e-06 0
3.15 -1.30556e-06 -9.32623e-06 -2.36373e-06 1 1e-06 0
3.15 -2.89507e-06 -1.07249e-05 -2.18899e-06 2 1e-06 0
3.15 -3.06182e-06 -1.13789e-05 -4.14909e-06 3 1e-06 0
3.15 -1.22536e-06 -1.07302e-05 -4.77803e-06 4 1e-06 0
3.15 -1.61601e-07 -1.11036e-05 -3.13279e-06 5 1e-06 0
3.15 -8.52408e-07 5.90444e-06 -4.88366e-06 6 1e-06 0
3.15 -6.16265e-07 3.94347e-06 -4.55457e-06 7 1e-06 0
3.2 -8.9498e-07 -7.5874e-06 -3.23672e-06 0 1e-06 0
3.2 -1.30007e-06 -9.33074e-06 -2.36837e-06 1 1e-06 0
3.2 -2.89483e-06 -1.07265e-05 -2.19924e-06 2 1e-06 0
3.2 -3.04985e-06 -1.13841e-05 -4.15649e-06 3 1e-06 0
3.2 -1.22273e-06 -1.07221e-05 -4.78265e-06 4 1e-06 0
3.2 -1.68145e-07 -1.10901e-05 -3.12281e-06 5 1e-06 0
3.2 -8.51283e-07 5.90162e-06 -4.87958e-06 6 1e-06 0
3.2 -6.1856e-07 3.90016e-06 -4.54288e-06 7 1e-06 0
3.25 -9.00722e-07 -7.59219e-06 -3.22474e-06 0 1e-06 0
3.25 -1.29644e-06 -9.34929e-06 -2.36838e-06 1 1e-06 0
3.25 -2.89005e-06 -1.07279e-05 -2.21226e-06 2 1e-06 0
3.25 -3.03716e-06 -1.13879e-05 -4.16273e-06 3 1e-06 0
3.25 -1.21961e-06 -1.07144e-05 -4.78893e-06 4 1e-06 0
3.25 -1.74278e-07 -1.10763e-05 -3.10867e-06 5 1e-06 0
3.25 -8.48098e-07 5.90129e-06 -4.87946e-06 6 1e-06 0
3.25 -6.18835e-07 3.85909e-06 -4.53812e-06 7 1e-06 0
3.3 -9.03041e-07 -7.58631e-06 -3.22263e-06 0 1e-06 0
3.3 -1.30078e-06 -9.38087e-06 -2.36509e-06 1 1e-06 0
3.3 -2.88424e-06 -1.07246e-05 -2.2283e-06 2 1e-06 0
3.3 -3.0261e-06 -1.13868e-05 -4.16883e-06 3 1e-06 0
3.3 -1.22003e-06 -1.07108e-05 -4.79628e-06 4 1e-06 0
3.3 -1.83094e-07 -1.10602e-05 -3.09473e-06 5 1e-06 0
3.3 -8.47239e-07 5.89716e-06 -4.88356e-06 6 1e-06 0
3.3 -6.20378e-07 3.82442e-06 -4.53472e-06 7 1e-06 0
3.35 -9.06541e-07 -7.58274e-06 -3.21819e-06 0 1e-06 0
3.35 -1.30828e-06 -9.41364e-06 -2.36464e-06 1 1e-06 0
3.35 -2.87001e-06 -1.07177e-05 -2.23794e-06 2 1e-06 0
3.35 -3.01589e-06 -1.13824e-05 -4.17617e-06 3 1e-06 0
3.35 -1.21758e-06 -1.07061e-05 -4.80373e-06 4 1e-06 0
3.35 -1.89937e-07 -1.10419e-05 -3.08352e-06 5 1e-06 0
3.35 -8.42762e-07 5.89263e-06 -4.89052e-06 6 1e-06 0
3.35 -6.19461e-07 3.79671e-06 -4.533e-06 7 1e-06 0
3.4 -9.08038e-07 -7.58164e-06 -3.21439e-06 0 1e-06 0
3.4 -1.31264e-06 -9.44046e-06 -2.36912e-06 1 1e-06 0
3.4 -2.85348e-06 -1.07101e-05 -2.25292e-06 2 1e-06 0
3.4 -3.00434e-06 -1.1382e-05 -4.18267e-06 3 1e-06 0
3.4 -1.21026e-06 -1.06984e-05 -4.80546e-06 4 1e-06 0
3.4 -1.95389e-07 -1.10213e-05 -3.07663e-06 5 1e-06 0
3.4 -8.38235e-07 5.88912e-06 -4.89463e-06 6 1e-06 0
3.4 -6.21626e-07 3.77732e-06 -4.52779e-06 7 1e-06 0
3.45 -9.08326e-07 -7.58153e-06 -3.20759e-06 0 1e-06 0
3.45 -1.29989e-06 -9.45452e-06 -2.36719e-06 1 1e-06 0
3.45 -2.83039e-06 -1.07012e-05 -2.26755e-06 2 1e-06 0
3.45 -2.98861e-06 -1.13799e-05 -4.18222e-06 3 1e-06 0
3.45 -1.20116e-06 -1.06934e-05 -4.80292e-06 4 1e-06 0
3.45 -2.00118e-07 -1.09998e-05 -3.06849e-06 5 1e-06 0
3.45 -8.29608e-07 5.88153e-06 -4.89728e-06 6 1e-06 0
3.45 -6.29835e-07 3.76497e-06 -4.52343e-06 7 1e-06 0
3.5 -9.08012e-07 -7.58296e-06 -3.20187e-06 0 1e-06 0
3.5 -1.27316e-06 -9.45101e-06 -2.37076e-06 1 1e-06 0
3.5 -2.82258e-06 -1.06989e-05 -2.28379e-06 2 1e-06 0
3.5 -2.97677e-06 -1.13741e-05 -4.18263e-06 3 1e-06 0
3.5 -1.19129e-06 -1.06896e-05 -4.79707e-06 4 1e-06 0
3.5 -2.01055e-07 -1.09856e-05 -3.05996e-06 5 1e-06 0
3.5 -8.18205e-07 5.86636e-06 -4.89788e-06 6 1e-06 0
3.5 -6.40076e-07 3.75539e-06 -4.52554e-06 7 1e-06 0
3.55 -9.06541e-07 -7.58795e-06 -3.19297e-06 0 1e-06 0
3.55 -1.24375e-06 -9.42881e-06 -2.37348e-06 1 1e-06 0
3.55 -2.8137e-06 -1.06985e-05 -2.30175e-06 2 1e-06 0
3.55 -2.96632e-06 -1.13696e-05 -4.18074e-06 3 1e-06 0
3.55 -1.17333e-06 -1.06833e-05 -4.79303e-06 4 1e-06 0
3.55 -1.90968e-07 -1.09797e-05 -3.05653e-06 5 1e-06 0
3.55 -8.08388e-07 5.84959e-06 -4.8981e-06 6 1e-06 0
3.55 -6.53275e-07 3.75122e-06 -4.52709e-06 7 1e-06 0
3.6 -9.05997e-07 -7.59326e-06 -3.18778e-06 0 1e-06 0
3.6 -1.22469e-06 -9.40311e-06 -2.37048e-06 1 1e-06 0
3.6 -2.805e-06 -1.06966e-05 -2.31662e-06 2 1e-06 0
3.6 -2.95817e-06 -1.137e-05 -4.19586e-06 3 1e-06 0
3.6 -1.15802e-06 -1.06784e-05 -4.78452e-06 4 1e-06 0
3.6 -1.7994e-07 -1.09696e-05 -3.04999e-06 5 1e-06 0
3.6 -8.02146e-07 5.83128e-06 -4.89837e-06 6 1e-06 0
3.6 -6.67136e-07 3.75002e-06 -4.52905e-06 7 1e-06 0
3.65 -9.0289e-07 -7.60195e-06 -3.1782e-06 0 1e-06 0
3.65 -1.20377e-06 -9.37727e-06 -2.3664e-06 1 1e-06 0
3.65 -2.79724e-06 -1.06931e-05 -2.33735e-06 2 1e-06 0
3.65 -2.95025e-06 -1.13744e-05 -4.22181e-06 3 1e-06 0
3.65 -1.13838e-06 -1.0668e-05 -4.77522e-06 4 1e-06 0
3.65 -1.64021e-07 -1.09629e-05 -3.03413e-06 5 1e-06 0
3.65 -7.9468e-07 5.81052e-06 -4.90118e-06 6 1e-06 0
3.65 -6.82953e-07 3.75401e-06 -4.53202e-06 7 1e-06 0
3.7 -8.94876e-07 -7.59711e-06 -3.1781e-06 0 1e-06 0
3.7 -1.18455e-06 -9.36999e-06 -2.35919e-06 1 1e-06 0
3.7 -2.78583e-06 -1.0692e-05 -2.35434e-06 2 1e-06 0
3.7 -2.94199e-06 -1.13873e-05 -4.25323e-06 3 1e-06 0
3.7 -1.11846e-06 -1.06603e-05 -4.75849e-06 4 1e-06 0
3.7 -1.42704e-07 -1.09674e-05 -3.0088e-06 5 1e-06 0
3.7 -7.84439e-07 5.78974e-06 -4.90553e-06 6 1e-06 0
3.7 -6.97805e-07 3.75748e-06 -4.53328e-06 7 1e-06 0
3.75 -8.84302e-07 -7.58052e-06 -3.18181e-06 0 1e-06 0
3.75 -1.17142e-06 -9.37345e-06 -2.35264e-06 1 1e-06 0
3.75 -2.77554e-06 -1.06881e-05 -2.37035e-06 2 1e-06 0
3.75 -2.93682e-06 -1.1399e-05 -4.28307e-06 3 1e-06 0
3.75 -1.10333e-06 -1.06498e-05 -4.74258e-06 4 1e-06 0
3.75 -1.26715e-07 -1.09668e-05 -2.9913e-06 5 1e-06 0
3.75 -7.74577e-07 5.77386e-06 -4.91068e-06 6 1e-06 0
3.75 -7.09306e-07 3.76121e-06 -4.5362e-06 7 1e-06 0
3.8 -8.70047e-07 -7.55487e-06 -3.19089e-06 0 1e-06 0
3.8 -1.16287e-06 -9.38351e-06 -2.35098e-06 1 1e-06 0
3.8 -2.76488e-06 -1.06826e-05 -2.38969e-06 2 1e-06 0
3.8 -2.93277e-06 -1.14075e-05 -4.30756e-06 3 1e-06 0
3.8 -1.08909e-06 -1.06391e-05 -4.73137e-06 4 1e-06 0
3.8 -1.02826e-07 -1.09724e-05 -2.97823e-06 5 1e-06 0
3.8 -7.64054e-07 5.75663e-06 -4.91901e-06 6 1e-06 0
3.8 -7.22689e-07 3.76424e-06 -4.53559e-06 7 1e-06 0
3.85 -8.58572e-07 -7.5353e-06 -3.19971e-06 0 1e-06 0
3.85 -1.15103e-06 -9.39446e-06 -2.35402e-06 1 1e-06 0
3.85 -2.75479e-06 -1.06738e-05 -2.40842e-06 2 1e-06 0
3.85 -2.92736e-06 -1.14131e-05 -4.33006e-06 3 1e-06 0
3.85 -1.08057e-06 -1.06294e-05 -4.72511e-06 4 1e-06 0
3.85 -7.37996e-08 -1.09876e-05 -2.97122e-06 5 1e-06 0
3.85 -7.55463e-07 5.73951e-06 -4.92612e-06 6 1e-06 0
3.85 -7.30213e-07 3.7641e-06 -4.53562e-06 7 1e-06 0
3.9 -8.51361e-07 -7.52253e-06 -3.20778e-06 0 1e-06 0
3.9 -1.14506e-06 -9.40355e-06 -2.35841e-06 1 1e-06 0
3.9 -2.74578e-06 -1.06663e-05 -2.4193e-06 2 1e-06 0
3.9 -2.91934e-06 -1.14182e-05 -4.3524e-06 3 1e-06 0
3.9 -1.07057e-06 -1.06219e-05 -4.71761e-06 4 1e-06 0
3.9 -4.30838e-08 -1.10005e-05 -2.96728e-06 5 1e-06 0
3.9 -7.45388e-07 5.72469e-06 -4.93172e-06 6 1e-06 0
3.9 -7.36665e-07 3.75882e-06 -4.53322e-06 7 1e-06 0
3.95 -8.43566e-07 -7.51237e-06 -3.21426e-06 0 1e-06 0
3.95 -1.14619e-06 -9.41057e-06 -2.36516e-06 1 1e-06 0
3.95 -2.73364e-06 -1.06587e-05 -2.43104e-06 2 1e-06 0
3.95 -2.91157e-06 -1.14185e-05 -4.37202e-06 3 1e-06 0
3.95 -1.0629e-06 -1.06194e-05 -4.70797e-06 4 1e-06 0
3.95 -1.47579e-08 -1.10156e-05 -2.96712e-06 5 1e-06 0
3.95 -7.34943e-07 5.71355e-06 -4.93408e-06 6 1e-06 0
3.95 -7.43911e-07 3.73404e-06 -4.52551e-06 7 1e-06 0
4 -8.32145e-07 -7.50601e-06 -3.21827e-06 0 1e-06 0
4 -1.14355e-06 -9.41528e-06 -2.36872e-06 1 1e-06 0
4 -2.7233e-06 -1.06538e-05 -2.44496e-06 2 1e-06 0
4 -2.90379e-06 -1.14252e-05 -4.38525e-06 3 1e-06 0
4 -1.05336e-06 -1.06158e-05 -4.69644e-06 4 1e-06 0
4 8.40403e-09 -1.10308e-05 -2.96727e-06 5 1e-06 0
4 -7.22974e-07 5.70202e-06 -4.93327e-06 6 1e-06 0
4 -7.54184e-07 3.7103e-06 -4.51858e-06 7 1e-06 0
4.05 -8.13501e-07 -7.50548e-06 -3.21787e-06 0 1e-06 0
4.05 -1.13711e-06 -9.41598e-06 -2.37832e-06 1 1e-06 0
4.05 -2.71679e-06 -1.06512e-05 -2.45278e-06 2 1e-06 0
4.05 -2.89542e-06 -1.14324e-05 -4.3922e-06 3 1e-06 0
4.05 -1.04323e-06 -1.06157e-05 -4.68389e-06 4 1e-06 0
4.05 2.61206e-08 -1.10377e-05 -2.96835e-06 5 1e-06 0
4.05 -7.0441e-07 5.69463e-06 -4.93002e-06 6 1e-06 0
4.05 -7.58963e-07 3.68812e-06 -4.51369e-06 7 1e-06 0
4.1 -7.95756e-07 -7.51077e-06 -3.2135e-06 0 1e-06 0
4.1 -1.12696e-06 -9.41454e-06 -2.38839e-06 1 1e-06 0
4.1 -2.70642e-06 -1.06439e-05 -2.46144e-06 2 1e-06 0
4.1 -2.88633e-06 -1.14347e-05 -4.39206e-06 3 1e-06 0
4.1 -1.03513e-06 -1.06235e-05 -4.67152e-06 4 1e-06 0
4.1 3.857e-08 -1.10449e-05 -2.97311e-06 5 1e-06 0
4.1 -6.869e-07 5.68685e-06 -4.933e-06 6 1e-06 0
4.1 -7.66056e-07 3.66528e-06 -4.50772e-06 7 1e-06 0
4.15 -7.81697e-07 -7.51637e-06 -3.21372e-06 0 1e-06 0
4.15 -1.11838e-06 -9.41102e-06 -2.39015e-06 1 1e-06 0
4.15 -2.69669e-06 -1.06375e-05 -2.47207e-06 2 1e-06 0
4.15 -2.87264e-06 -1.14318e-05 -4.39083e-06 3 1e-06 0
4.15 -1.02985e-06 -1.06311e-05 -4.6585e-06 4 1e-06 0
4.15 4.65125e-08 -1.10498e-05 -2.97929e-06 5 1e-06 0
4.15 -6.69719e-07 5.67907e-06 -4.93355e-06 6 1e-06 0
4.15 -7.73762e-07 3.64457e-06 -4.50107e-06 7 1e-06 0
4.2 -7.69675e-07 -7.52484e-06 -3.21649e-06 0 1e-06 0
4.2 -1.11649e-06 -9.40829e-06 -2.39414e-06 1 1e-06 0
4.2 -2.69521e-06 -1.06313e-05 -2.48286e-06 2 1e-06 0
4.2 -2.85505e-06 -1.1428e-05 -4.38732e-06 3 1e-06 0
4.2 -1.02585e-06 -1.0634e-05 -4.64892e-06 4 1e-06 0
4.2 5.40699e-08 -1.10519e-05 -2.98331e-06 5 1e-06 0
4.2 -6.51679e-07 5.67129e-06 -4.93473e-06 6 1e-06 0
4.2 -7.8603e-07 3.62496e-06 -4.5019e-06 7 1e-06 0
4.25 -7.60506e-07 -7.53284e-06 -3.21705e-06 0 1e-06 0
4.25 -1.10322e-06 -9.39464e-06 -2.39892e-06 1 1e-06 0
4.25 -2.6932e-06 -1.06257e-05 -2.49315e-06 2 1e-06 0
4.25 -2.84239e-06 -1.14201e-05 -4.3805e-06 3 1e-06 0
4.25 -1.00791e-06 -1.0636e-05 -4.64052e-06 4 1e-06 0
4.25 6.45114e-08 -1.10498e-05 -2.98392e-06 5 1e-06 0
4.25 -6.36009e-07 5.66585e-06 -4.93283e-06 6 1e-06 0
4.25 -7.9847e-07 3.60774e-06 -4.49996e-06 7 1e-06 0
4.3 -7.5114e-07 -7.54056e-06 -3.22333e-06 0 1e-06 0
4.3 -1.09219e-06 -9.38104e-06 -2.40505e-06 1 1e-06 0
4.3 -2.69023e-06 -1.06229e-05 -2.50508e-06 2 1e-06 0
4.3 -2.83325e-06 -1.14116e-05 -4.37222e-06 3 1e-06 0
4.3 -9.9332e-07 -1.06392e-05 -4.62714e-06 4 1e-06 0
4.3 7.74128e-08 -1.10503e-05 -2.97709e-06 5 1e-06 0
4.3 -6.20668e-07 5.66098e-06 -4.93105e-06 6 1e-06 0
4.3 -8.03995e-07 3.59363e-06 -4.49991e-06 7 1e-06 0
4.35 -7.44443e-07 -7.54736e-06 -3.23072e-06 0 1e-06 0
4.35 -1.08096e-06 -9.37212e-06 -2.4181e-06 1 1e-06 0
4.35 -2.68571e-06 -1.06225e-05 -2.51251e-06 2 1e-06 0
4.35 -2.82165e-06 -1.14097e-05 -4.36469e-06 3 1e-06 0
4.35 -9.78618e-07 -1.06472e-05 -4.61614e-06 4 1e-06 0
4.35 9.77885e-08 -1.10512e-05 -2.96399e-06 5 1e-06 0
4.35 -6.11082e-07 5.65626e-06 -4.9243e-06 6 1e-06 0
4.35 -8.13374e-07 3.58474e-06 -4.50077e-06 7 1e-06 0
4.4 -7.38727e-07 -7.54942e-06 -3.23705e-06 0 1e-06 0
4.4 -1.07405e-06 -9.36101e-06 -2.43152e-06 1 1e-06 0
4.4 -2.68049e-06 -1.06167e-05 -2.51932e-06 2 1e-06 0
4.4 -2.81145e-06 -1.14063e-05 -4.35746e-06 3 1e-06 0
4.4 -9.65426e-07 -1.06552e-05 -4.60987e-06 4 1e-06 0
4.4 1.24127e-07 -1.10551e-05 -2.9405e-06 5 1e-06 0
4.4 -6.00714e-07 5.6414e-06 -4.91694e-06 6 1e-06 0
4.4 -8.2141e-07 3.5812e-06 -4.49868e-06 7 1e-06 0
4.45 -7.40796e-07 -7.54997e-06 -3.24008e-06 0 1e-06 0
4.45 -1.06937e-06 -9.35304e-06 -2.44077e-06 1 1e-06 0
4.45 -2.67413e-06 -1.061e-05 -2.52121e-06 2 1e-06 0
4.45 -2.80393e-06 -1.14038e-05 -4.35167e-06 3 1e-06 0
4.45 -9.48633e-07 -1.06622e-05 -4.59884e-06 4 1e-06 0
4.45 1.47064e-07 -1.10593e-05 -2.92222e-06 5 1e-06 0
4.45 -5.9307e-07 5.62487e-06 -4.90699e-06 6 1e-06 0
4.45 -8.28272e-07 3.58034e-06 -4.49381e-06 7 1e-06 0
4.5 -7.4193e-07 -7.53985e-06 -3.24297e-06 0 1e-06 0
4.5 -1.06887e-06 -9.35048e-06 -2.45373e-06 1 1e-06 0
4.5 -2.66346e-06 -1.06002e-05 -2.51063e-06 2 1e-06 0
4.5 -2.80001e-06 -1.14042e-05 -4.34849e-06 3 1e-06 0
4.5 -9.3162e-07 -1.06681e-05 -4.58385e-06 4 1e-06 0
4.5 1.7259e-07 -1.10661e-05 -2.90475e-06 5 1e-06 0
4.5 -5.8371e-07 5.60679e-06 -4.893e-06 6 1e-06 0
4.5 -8.37098e-07 3.57869e-06 -4.48859e-06 7 1e-06 0
4.55 -7.45498e-07 -7.53112e-06 -3.24077e-06 0 1e-06 0
4.55 -1.06956e-06 -9.34891e-06 -2.4661e-06 1 1e-06 0
4.55 -2.65403e-06 -1.05902e-05 -2.49766e-06 2 1e-06 0
4.55 -2.79885e-06 -1.14103e-05 -4.34049e-06 3 1e-06 0
4.55 -9.16733e-07 -1.06749e-05 -4.5679e-06 4 1e-06 0
4.55 1.91869e-07 -1.10715e-05 -2.89189e-06 5 1e-06 0
4.55 -5.82183e-07 5.59526e-06 -4.87775e-06 6 1e-06 0
4.55 -8.49549e-07 3.58447e-06 -4.47874e-06 7 1e-06 0
4.6 -7.51477e-07 -7.52691e-06 -3.24042e-06 0 1e-06 0
4.6 -1.07471e-06 -9.34825e-06 -2.47564e-06 1 1e-06 0
4.6 -2.65041e-06 -1.05782e-05 -2.48512e-06 2 1e-06 0
4.6 -2.79721e-06 -1.14141e-05 -4.3395e-06 3 1e-06 0
4.6 -9.04457e-07 -1.06826e-05 -4.55227e-06 4 1e-06 0
4.6 2.05079e-07 -1.10799e-05 -2.87911e-06 5 1e-06 0
4.6 -5.79662e-07 5.57961e-06 -4.85544e-06 6 1e-06 0
4.6 -8.5991e-07 3.59187e-06 -4.47107e-06 7 1e-06 0
4.65 -7.53929e-07 -7.51624e-06 -3.24124e-06 0 1e-06 0
4.65 -1.06897e-06 -9.34132e-06 -2.47923e-06 1 1e-06 0
4.65 -2.64041e-06 -1.05654e-05 -2.47029e-06 2 1e-06 0
4.65 -2.79335e-06 -1.14209e-05 -4.34043e-06 3 1e-06 0
4.65 -8.93325e-07 -1.06857e-05 -4.53681e-06 4 1e-06 0
4.65 2.22646e-07 -1.10881e-05 -2.87033e-06 5 1e-06 0
4.65 -5.7302e-07 5.56039e-06 -4.84002e-06 6 1e-06 0
4.65 -8.64441e-07 3.60369e-06 -4.46272e-06 7 1e-06 0
4.7 -7.57788e-07 -7.50439e-06 -3.23931e-06 0 1e-06 0
4.7 -1.05441e-06 -9.32236e-06 -2.48049e-06 1 1e-06 0
4.7 -2.63411e-06 -1.05475e-05 -2.45535e-06 2 1e-06 0
4.7 -2.78594e-06 -1.14292e-05 -4.33797e-06 3 1e-06 0
4.7 -8.90436e-07 -1.06965e-05 -4.51928e-06 4 1e-06 0
4.7 2.36482e-07 -1.11022e-05 -2.86465e-06 5 1e-06 0
4.7 -5.65542e-07 5.53888e-06 -4.82921e-06 6 1e-06 0
4.7 -8.71486e-07 3.60098e-06 -4.45572e-06 7 1e-06 0
4.75 -7.57427e-07 -7.48449e-06 -3.24053e-06 0 1e-06 0
4.75 -1.02495e-06 -9.30017e-06 -2.48712e-06 1 1e-06 0
4.75 -2.62983e-06 -1.05358e-05 -2.44584e-06 2 1e-06 0
4.75 -2.77837e-06 -1.14297e-05 -4.32938e-06 3 1e-06 0
4.75 -8.90497e-07 -1.07094e-05 -4.49931e-06 4 1e-06 0
4.75 2.45246e-07 -1.11151e-05 -2.86228e-06 5 1e-06 0
4.75 -5.58389e-07 5.52925e-06 -4.81987e-06 6 1e-06 0
4.75 -8.76545e-07 3.58734e-06 -4.44445e-06 7 1e-06 0
4.8 -7.59294e-07 -7.45856e-06 -3.24338e-06 0 1e-06 0
4.8 -9.93324e-07 -9.28405e-06 -2.48948e-06 1 1e-06 0
4.8 -2.62528e-06 -1.05282e-05 -2.43763e-06 2 1e-06 0
4.8 -2.77165e-06 -1.14305e-05 -4.32282e-06 3 1e-06 0
4.8 -8.94118e-07 -1.0721e-05 -4.48125e-06 4 1e-06 0
4.8 2.53718e-07 -1.11159e-05 -2.86213e-06 5 1e-06 0
4.8 -5.47934e-07 5.52108e-06 -4.80993e-06 6 1e-06 0
4.8 -8.8946e-07 3.5628e-06 -4.43321e-06 7 1e-06 0
4.85 -7.61234e-07 -7.42485e-06 -3.24616e-06 0 1e-06 0
4.85 -9.65794e-07 -9.26959e-06 -2.48862e-06 1 1e-06 0
4.85 -2.62186e-06 -1.05232e-05 -2.43134e-06 2 1e-06 0
4.85 -2.76188e-06 -1.14308e-05 -4.31693e-06 3 1e-06 0
4.85 -8.98054e-07 -1.07287e-05 -4.46037e-06 4 1e-06 0
4.85 2.62939e-07 -1.11189e-05 -2.86086e-06 5 1e-06 0
4.85 -5.44898e-07 5.51543e-06 -4.80033e-06 6 1e-06 0
4.85 -9.04179e-07 3.54328e-06 -4.42291e-06 7 1e-06 0
4.9 -7.61444e-07 -7.39213e-06 -3.24515e-06 0 1e-06 0
4.9 -9.41566e-07 -9.25493e-06 -2.48721e-06 1 1e-06 0
4.9 -2.61409e-06 -1.05211e-05 -2.42223e-06 2 1e-06 0
4.9 -2.76753e-06 -1.1431e-05 -4.31095e-06 3 1e-06 0
4.9 -9.07979e-07 -1.07349e-05 -4.44446e-06 4 1e-06 0
4.9 2.71661e-07 -1.1125e-05 -2.86478e-06 5 1e-06 0
4.9 -5.37273e-07 5.51241e-06 -4.79146e-06 6 1e-06 0
4.9 -9.20363e-07 3.52451e-06 -4.41061e-06 7 1e-06 0
4.95 -7.63265e-07 -7.35734e-06 -3.24726e-06 0 1e-06 0
4.95 -9.16124e-07 -9.24548e-06 -2.48182e-06 1 1e-06 0
4.95 -2.60366e-06 -1.05179e-05 -2.42096e-06 2 1e-06 0
4.95 -2.78191e-06 -1.14359e-05 -4.30011e-06 3 1e-06 0
4.95 -9.19749e-07 -1.0746e-05 -4.43469e-06 4 1e-06 0
4.95 2.78751e-07 -1.11262e-05 -2.86842e-06 5 1e-06 0
4.95 -5.3077e-07 5.50289e-06 -4.78063e-06 6 1e-06 0
4.95 -9.37303e-07 3.50026e-06 -4.40204e-06 7 1e-06 0
5 -7.69755e-07 -7.3249e-06 -3.24183e-06 0 1e-06 0
5 -8.88847e-07 -9.23768e-06 -2.47911e-06 1 1e-06 0
5 -2.59433e-06 -1.05107e-05 -2.41211e-06 2 1e-06 0
5 -2.80355e-06 -1.14361e-05 -4.2897e-06 3 1e-06 0
5 -9.28359e-07 -1.07518e-05 -4.42506e-06 4 1e-06 0
5 2.86968e-07 -1.113e-05 -2.87033e-06 5 1e-06 0
5 -5.26549e-07 5.49519e-06 -4.77167e-06 6 1e-06 0
5 -9.48186e-07 3.47866e-06 -4.39842e-06 7 1e-06 0
5.05 -7.73393e-07 -7.29817e-06 -3.23355e-06 0 1e-06 0
5.05 -8.63996e-07 -9.23166e-06 -2.47575e-06 1 1e-06 0
5.05 -2.58373e-06 -1.05115e-05 -2.40651e-06 2 1e-06 0
5.05 -2.82389e-06 -1.14367e-05 -4.27465e-06 3 1e-06 0
5.05 -9.36875e-07 -1.07582e-05 -4.41873e-06 4 1e-06 0
5.05 2.90537e-07 -1.11296e-05 -2.86677e-06 5 1e-06 0
5.05 -5.2449e-07 5.4889e-06 -4.76317e-06 6 1e-06 0
5.05 -9.63848e-07 3.45966e-06 -4.39827e-06 7 1e-06 0
5.1 -7.77189e-07 -7.27713e-06 -3.22538e-06 0 1e-06 0
5.1 -8.48404e-07 -9.21694e-06 -2.47129e-06 1 1e-06 0
5.1 -2.56745e-06 -1.05116e-05 -2.40753e-06 2 1e-06 0
5.1 -2.83845e-06 -1.14327e-05 -4.25474e-06 3 1e-06 0
5.1 -9.46252e-07 -1.0766e-05 -4.41335e-06 4 1e-06 0
5.1 2.92742e-07 -1.11277e-05 -2.86901e-06 5 1e-06 0
5.1 -5.16563e-07 5.48047e-06 -4.75353e-06 6 1e-06 0
5.1 -9.77874e-07 3.44968e-06 -4.39851e-06 7 1e-06 0
5.15 -7.84042e-07 -7.26492e-06 -3.22164e-06 0 1e-06 0
5.15 -8.32246e-07 -9.21057e-06 -2.46025e-06 1 1e-06 0
5.15 -2.55539e-06 -1.05076e-05 -2.414e-06 2 1e-06 0
5.15 -2.84996e-06 -1.14295e-05 -4.23185e-06 3 1e-06 0
5.15 -9.54197e-07 -1.07728e-05 -4.41171e-06 4 1e-06 0
5.15 2.95643e-07 -1.11294e-05 -2.87083e-06 5 1e-06 0
5.15 -5.07021e-07 5.47023e-06 -4.74979e-06 6 1e-06 0
5.15 -9.84773e-07 3.44442e-06 -4.39563e-06 7 1e-06 0
5.2 -7.90998e-07 -7.25595e-06 -3.21372e-06 0 1e-06 0
5.2 -8.20945e-07 -9.20346e-06 -2.45052e-06 1 1e-06 0
5.2 -2.54276e-06 -1.04987e-05 -2.4188e-06 2 1e-06 0
5.2 -2.85772e-06 -1.14251e-05 -4.21294e-06 3 1e-06 0
5.2 -9.60895e-07 -1.07805e-05 -4.4098e-06 4 1e-06 0
5.2 3.02907e-07 -1.11305e-05 -2.87086e-06 5 1e-06 0
5.2 -5.03544e-07 5.45682e-06 -4.74619e-06 6 1e-06 0
5.2 -9.80101e-07 3.44352e-06 -4.39337e-06 7 1e-06 0
5.25 -7.97749e-07 -7.2509e-06 -3.20337e-06 0 1e-06 0
5.25 -8.09292e-07 -9.1966e-06 -2.44331e-06 1 1e-06 0
5.25 -2.52939e-06 -1.04889e-05 -2.42744e-06 2 1e-06 0
5.25 -2.86277e-06 -1.14228e-05 -4.19984e-06 3 1e-06 0
5.25 -9.65313e-07 -1.07819e-05 -4.40826e-06 4 1e-06 0
5.25 3.03131e-07 -1.11297e-05 -2.8664e-06 5 1e-06 0
5.25 -4.98094e-07 5.44957e-06 -4.74458e-06 6 1e-06 0
5.25 -9.74344e-07 3.44525e-06 -4.39603e-06 7 1e-06 0
5.3 -8.00539e-07 -7.25265e-06 -3.19501e-06 0 1e-06 0
5.3 -7.96357e-07 -9.18678e-06 -2.43664e-06 1 1e-06 0
5.3 -2.51312e-06 -1.04752e-05 -2.43595e-06 2 1e-06 0
5.3 -2.8627e-06 -1.14187e-05 -4.1928e-06 3 1e-06 0
5.3 -9.70406e-07 -1.07825e-05 -4.40583e-06 4 1e-06 0
5.3 3.04487e-07 -1.11273e-05 -2.85854e-06 5 1e-06 0
5.3 -4.88604e-07 5.43787e-06 -4.73878e-06 6 1e-06 0
5.3 -9.64839e-07 3.44823e-06 -4.40267e-06 7 1e-06 0
5.35 -7.98072e-07 -7.25937e-06 -3.18821e-06 0 1e-06 0
5.35 -7.90032e-07 -9.17873e-06 -2.42869e-06 1 1e-06 0
5.35 -2.48916e-06 -1.04647e-05 -2.44602e-06 2 1e-06 0
5.35 -2.85702e-06 -1.1419e-05 -4.18155e-06 3 1e-06 0
5.35 -9.76864e-07 -1.07835e-05 -4.39992e-06 4 1e-06 0
5.35 3.06108e-07 -1.11286e-05 -2.85099e-06 5 1e-06 0
5.35 -4.77816e-07 5.42539e-06 -4.73489e-06 6 1e-06 0
5.35 -9.58435e-07 3.45546e-06 -4.41415e-06 7 1e-06 0
5.4 -7.97262e-07 -7.26728e-06 -3.1824e-06 0 1e-06 0
5.4 -7.86771e-07 -9.17513e-06 -2.42137e-06 1 1e-06 0
5.4 -2.46729e-06 -1.04635e-05 -2.45237e-06 2 1e-06 0
5.4 -2.85915e-06 -1.14246e-05 -4.17178e-06 3 1e-06 0
5.4 -9.83918e-07 -1.07816e-05 -4.38789e-06 4 1e-06 0
5.4 3.06239e-07 -1.11366e-05 -2.8398e-06 5 1e-06 0
5.4 -4.70308e-07 5.41821e-06 -4.72838e-06 6 1e-06 0
5.4 -9.52225e-07 3.46288e-06 -4.42292e-06 7 1e-06 0
5.45 -7.93435e-07 -7.28032e-06 -3.17624e-06 0 1e-06 0
5.45 -7.85218e-07 -9.16833e-06 -2.41457e-06 1 1e-06 0
5.45 -2.44814e-06 -1.04588e-05 -2.4572e-06 2 1e-06 0
5.45 -2.87439e-06 -1.14277e-05 -4.16341e-06 3 1e-06 0
5.45 -9.97018e-07 -1.0778e-05 -4.37701e-06 4 1e-06 0
5.45 3.03993e-07 -1.11388e-05 -2.83521e-06 5 1e-06 0
5.45 -4.64911e-07 5.41148e-06 -4.72187e-06 6 1e-06 0
5.45 -9.48262e-07 3.46583e-06 -4.43153e-06 7 1e-06 0
5.5 -7.90556e-07 -7.29448e-06 -3.17255e-06 0 1e-06 0
5.5 -7.85977e-07 -9.16359e-06 -2.4143e-06 1 1e-06 0
5.5 -2.42928e-06 -1.04549e-05 -2.46428e-06 2 1e-06 0
5.5 -2.89495e-06 -1.14358e-05 -4.1553e-06 3 1e-06 0
5.5 -1.01207e-06 -1.07752e-05 -4.36179e-06 4 1e-06 0
5.5 3.06036e-07 -1.11416e-05 -2.83347e-06 5 1e-06 0
5.5 -4.57186e-07 5.40075e-06 -4.71292e-06 6 1e-06 0
5.5 -9.43908e-07 3.47031e-06 -4.43872e-06 7 1e-06 0
5.55 -7.87787e-07 -7.3061e-06 -3.17048e-06 0 1e-06 0
5.55 -7.89297e-07 -9.16111e-06 -2.41015e-06 1 1e-06 0
5.55 -2.41339e-06 -1.04511e-05 -2.4722e-06 2 1e-06 0
5.55 -2.91018e-06 -1.14426e-05 -4.14589e-06 3 1e-06 0
5.55 -1.02372e-06 -1.07747e-05 -4.34236e-06 4 1e-06 0
5.55 3.05883e-07 -1.1141e-05 -2.84177e-06 5 1e-06 0
5.55 -4.48578e-07 5.39256e-06 -4.70319e-06 6 1e-06 0
5.55 -9.39819e-07 3.47525e-06 -4.44229e-06 7 1e-06 0
5.6 -7.87409e-07 -7.31901e-06 -3.16723e-06 0 1e-06 0
5.6 -7.90874e-07 -9.16861e-06 -2.40591e-06 1 1e-06 0
5.6 -2.39489e-06 -1.04464e-05 -2.48336e-06 2 1e-06 0
5.6 -2.9284e-06 -1.14511e-05 -4.13408e-06 3 1e-06 0
5.6 -1.03427e-06 -1.07643e-05 -4.3227e-06 4 1e-06 0
5.6 3.05869e-07 -1.11394e-05 -2.85176e-06 5 1e-06 0
5.6 -4.35537e-07 5.39675e-06 -4.69478e-06 6 1e-06 0
5.6 -9.37633e-07 3.48108e-06 -4.44959e-06 7 1e-06 0
5.65 -7.91088e-07 -7.33197e-06 -3.16539e-06 0 1e-06 0
5.65 -7.91561e-07 -9.19229e-06 -2.39767e-06 1 1e-06 0
5.65 -2.3769e-06 -1.04457e-05 -2.49504e-06 2 1e-06 0
5.65 -2.94309e-06 -1.1459e-05 -4.12409e-06 3 1e-06 0
5.65 -1.04118e-06 -1.07564e-05 -4.30696e-06 4 1e-06 0
5.65 3.09807e-07 -1.11402e-05 -2.85737e-06 5 1e-06 0
5.65 -4.1876e-07 5.41316e-06 -4.68701e-06 6 1e-06 0
5.65 -9.37767e-07 3.48996e-06 -4.44773e-06 7 1e-06 0
5.7 -7.93435e-07 -7.34522e-06 -3.16111e-06 0 1e-06 0
5.7 -7.89189e-07 -9.22603e-06 -2.38708e-06 1 1e-06 0
5.7 -2.36176e-06 -1.0442e-05 -2.50712e-06 2 1e-06 0
5.7 -2.96195e-06 -1.14674e-05 -4.1303e-06 3 1e-06 0
5.7 -1.04782e-06 -1.07467e-05 -4.29211e-06 4 1e-06 0
5.7 3.15344e-07 -1.11426e-05 -2.85964e-06 5 1e-06 0
5.7 -4.06254e-07 5.42344e-06 -4.68007e-06 6 1e-06 0
5.7 -9.31919e-07 3.49423e-06 -4.44259e-06 7 1e-06 0
5.75 -7.97618e-07 -7.35541e-06 -3.15819e-06 0 1e-06 0
5.75 -7.78457e-07 -9.25182e-06 -2.37643e-06 1 1e-06 0
5.75 -2.35641e-06 -1.04469e-05 -2.51852e-06 2 1e-06 0
5.75 -2.97688e-06 -1.14765e-05 -4.13443e-06 3 1e-06 0
5.75 -1.05538e-06 -1.07371e-05 -4.2802e-06 4 1e-06 0
5.75 3.23006e-07 -1.11426e-05 -2.86144e-06 5 1e-06 0
5.75 -3.95503e-07 5.436e-06 -4.67195e-06 6 1e-06 0
5.75 -9.27096e-07 3.49168e-06 -4.43565e-06 7 1e-06 0
5.8 -8.00231e-07 -7.36214e-06 -3.15205e-06 0 1e-06 0
5.8 -7.58829e-07 -9.27026e-06 -2.36434e-06 1 1e-06 0
5.8 -2.35934e-06 -1.046e-05 -2.5277e-06 2 1e-06 0
5.8 -2.99281e-06 -1.14924e-05 -4.14686e-06 3 1e-06 0
5.8 -1.0609e-06 -1.0724e-05 -4.2703e-06 4 1e-06 0
5.8 3.34583e-07 -1.11441e-05 -2.86456e-06 5 1e-06 0
5.8 -3.84931e-07 5.44813e-06 -4.66317e-06 6 1e-06 0
5.8 -9.25217e-07 3.49074e-06 -4.43117e-06 7 1e-06 0
5.85 -8.03689e-07 -7.37344e-06 -3.14304e-06 0 1e-06 0
5.85 -7.40263e-07 -9.28698e-06 -2.3551e-06 1 1e-06 0
5.85 -2.36021e-06 -1.0468e-05 -2.53544e-06 2 1e-06 0
5.85 -3.00833e-06 -1.15051e-05 -4.15694e-06 3 1e-06 0
5.85 -1.06692e-06 -1.07146e-05 -4.25759e-06 4 1e-06 0
5.85 3.47612e-07 -1.11489e-05 -2.8704e-06 5 1e-06 0
5.85 -3.73858e-07 5.45495e-06 -4.65001e-06 6 1e-06 0
5.85 -9.19496e-07 3.48987e-06 -4.42715e-06 7 1e-06 0
5.9 -8.05004e-07 -7.39142e-06 -3.13346e-06 0 1e-06 0
5.9 -7.22262e-07 -9.29789e-06 -2.34461e-06 1 1e-06 0
5.9 -2.36083e-06 -1.04772e-05 -2.54416e-06 2 1e-06 0
5.9 -3.01794e-06 -1.15156e-05 -4.16518e-06 3 1e-06 0
5.9 -1.07097e-06 -1.07143e-05 -4.24983e-06 4 1e-06 0
5.9 3.56622e-07 -1.1149e-05 -2.87325e-06 5 1e-06 0
5.9 -3.66022e-07 5.45655e-06 -4.6393e-06 6 1e-06 0
5.9 -9.1499e-07 3.49665e-06 -4.42994e-06 7 1e-06 0
5.95 -8.03505e-07 -7.41081e-06 -3.12196e-06 0 1e-06 0
5.95 -7.12174e-07 -9.30476e-06 -2.33741e-06 1 1e-06 0
5.95 -2.35939e-06 -1.04846e-05 -2.54972e-06 2 1e-06 0
5.95 -3.02239e-06 -1.15252e-05 -4.17161e-06 3 1e-06 0
5.95 -1.07664e-06 -1.07117e-05 -4.24195e-06 4 1e-06 0
5.95 3.66507e-07 -1.11495e-05 -2.88027e-06 5 1e-06 0
5.95 -3.57851e-07 5.45898e-06 -4.63332e-06 6 1e-06 0
5.95 -9.12307e-07 3.50565e-06 -4.43409e-06 7 1e-06 0
6 -8.05933e-07 -7.43061e-06 -3.10088e-06 0 1e-06 0
6 -7.03116e-07 -9.30935e-06 -2.32834e-06 1 1e-06 0
6 -2.36508e-06 -1.04948e-05 -2.56036e-06 2 1e-06 0
6 -3.02699e-06 -1.15281e-05 -4.17826e-06 3 1e-06 0
6 -1.0858e-06 -1.07104e-05 -4.23055e-06 4 1e-06 0
6 3.78685e-07 -1.11471e-05 -2.88748e-06 5 1e-06 0
6 -3.55642e-07 5.45875e-06 -4.62481e-06 6 1e-06 0
6 -9.05883e-07 3.52058e-06 -4.43967e-06 7 1e-06 0
6.05 -8.04969e-07 -7.44982e-06 -3.08049e-06 0 1e-06 0
6.05 -6.94834e-07 -9.30809e-06 -2.31823e-06 1 1e-06 0
6.05 -2.36831e-06 -1.05026e-05 -2.56872e-06 2 1e-06 0
6.05 -3.02976e-06 -1.15314e-05 -4.18257e-06 3 1e-06 0
6.05 -1.08948e-06 -1.0712e-05 -4.21569e-06 4 1e-06 0
6.05 3.91537e-07 -1.11481e-05 -2.89104e-06 5 1e-06 0
6.05 -3.50418e-07 5.46104e-06 -4.61828e-06 6 1e-06 0
6.05 -9.02764e-07 3.53425e-06 -4.451e-06 7 1e-06 0
6.1 -8.02332e-07 -7.46477e-06 -3.06564e-06 0 1e-06 0
6.1 -6.8599e-07 -9.32054e-06 -2.30108e-06 1 1e-06 0
6.1 -2.36966e-06 -1.05097e-05 -2.57073e-06 2 1e-06 0
6.1 -3.03037e-06 -1.15318e-05 -4.18627e-06 3 1e-06 0
6.1 -1.09012e-06 -1.07165e-05 -4.1977e-06 4 1e-06 0
6.1 4.06533e-07 -1.11512e-05 -2.89371e-06 5 1e-06 0
6.1 -3.45174e-07 5.46661e-06 -4.61891e-06 6 1e-06 0
6.1 -9.02453e-07 3.54498e-06 -4.46085e-06 7 1e-06 0
6.15 -7.99397e-07 -7.47927e-06 -3.04813e-06 0 1e-06 0
6.15 -6.77093e-07 -9.3412e-06 -2.28382e-06 1 1e-06 0
6.15 -2.37037e-06 -1.05108e-05 -2.56941e-06 2 1e-06 0
6.15 -3.02831e-06 -1.15318e-05 -4.18859e-06 3 1e-06 0
6.15 -1.09113e-06 -1.07259e-05 -4.18248e-06 4 1e-06 0
6.15 4.19223e-07 -1.11483e-05 -2.89317e-06 5 1e-06 0
6.15 -3.37428e-07 5.46872e-06 -4.62095e-06 6 1e-06 0
6.15 -8.99521e-07 3.54713e-06 -4.47399e-06 7 1e-06 0
6.2 -7.98199e-07 -7.49548e-06 -3.03067e-06 0 1e-06 0
6.2 -6.75271e-07 -9.37166e-06 -2.26262e-06 1 1e-06 0
6.2 -2.37515e-06 -1.05125e-05 -2.56771e-06 2 1e-06 0
6.2 -3.02598e-06 -1.15297e-05 -4.18518e-06 3 1e-06 0
6.2 -1.09006e-06 -1.07324e-05 -4.17033e-06 4 1e-06 0
6.2 4.26845e-07 -1.11474e-05 -2.89844e-06 5 1e-06 0
6.2 -3.25081e-07 5.46945e-06 -4.62528e-06 6 1e-06 0
6.2 -8.91158e-07 3.549e-06 -4.48593e-06 7 1e-06 0
6.25 -7.94774e-07 -7.50953e-06 -3.01306e-06 0 1e-06 0
6.25 -6.76354e-07 -9.39418e-06 -2.24293e-06 1 1e-06 0
6.25 -2.37038e-06 -1.05129e-05 -2.56748e-06 2 1e-06 0
6.25 -3.02333e-06 -1.15307e-05 -4.17829e-06 3 1e-06 0
6.25 -1.08777e-06 -1.07421e-05 -4.16257e-06 4 1e-06 0
6.25 4.34663e-07 -1.11485e-05 -2.90219e-06 5 1e-06 0
6.25 -3.13772e-07 5.47143e-06 -4.63485e-06 6 1e-06 0
6.25 -8.81518e-07 3.54866e-06 -4.49642e-06 7 1e-06 0
6.3 -7.95827e-07 -7.52649e-06 -2.99272e-06 0 1e-06 0
6.3 -6.79765e-07 -9.41394e-06 -2.22694e-06 1 1e-06 0
6.3 -2.36324e-06 -1.05119e-05 -2.56627e-06 2 1e-06 0
6.3 -3.02251e-06 -1.15338e-05 -4.17475e-06 3 1e-06 0
6.3 -1.08768e-06 -1.07474e-05 -4.1526e-06 4 1e-06 0
6.3 4.40943e-07 -1.11457e-05 -2.90578e-06 5 1e-06 0
6.3 -3.07975e-07 5.47583e-06 -4.64528e-06 6 1e-06 0
6.3 -8.74378e-07 3.54586e-06 -4.50803e-06 7 1e-06 0
6.35 -7.97661e-07 -7.55054e-06 -2.96908e-06 0 1e-06 0
6.35 -6.82232e-07 -9.42771e-06 -2.21593e-06 1 1e-06 0
6.35 -2.35093e-06 -1.05049e-05 -2.56781e-06 2 1e-06 0
6.35 -3.01591e-06 -1.15326e-05 -4.16807e-06 3 1e-06 0
6.35 -1.09049e-06 -1.07547e-05 -4.1448e-06 4 1e-06 0
6.35 4.41945e-07 -1.1139e-05 -2.91061e-06 5 1e-06 0
6.35 -3.06291e-07 5.48321e-06 -4.64906e-06 6 1e-06 0
6.35 -8.68468e-07 3.54014e-06 -4.52412e-06 7 1e-06 0
6.4 -7.9693e-07 -7.57032e-06 -2.94485e-06 0 1e-06 0
6.4 -6.8445e-07 -9.44669e-06 -2.2046e-06 1 1e-06 0
6.4 -2.34527e-06 -1.05007e-05 -2.56396e-06 2 1e-06 0
6.4 -3.01086e-06 -1.15304e-05 -4.16002e-06 3 1e-06 0
6.4 -1.09548e-06 -1.07558e-05 -4.13891e-06 4 1e-06 0
6.4 4.43247e-07 -1.1132e-05 -2.91425e-06 5 1e-06 0
6.4 -2.98747e-07 5.48547e-06 -4.65185e-06 6 1e-06 0
6.4 -8.62088e-07 3.53746e-06 -4.53928e-06 7 1e-06 0
6.45 -7.93464e-07 -7.59066e-06 -2.92183e-06 0 1e-06 0
6.45 -6.74857e-07 -9.4645e-06 -2.18525e-06 1 1e-06 0
6.45 -2.3481e-06 -1.04961e-05 -2.56236e-06 2 1e-06 0
6.45 -3.00326e-06 -1.15268e-05 -4.15807e-06 3 1e-06 0
6.45 -1.10446e-06 -1.07591e-05 -4.13231e-06 4 1e-06 0
6.45 4.43179e-07 -1.11232e-05 -2.9182e-06 5 1e-06 0
6.45 -2.95238e-07 5.48201e-06 -4.65102e-06 6 1e-06 0
6.45 -8.59393e-07 3.53944e-06 -4.55896e-06 7 1e-06 0
6.5 -7.86754e-07 -7.6099e-06 -2.9014e-06 0 1e-06 0
6.5 -6.6843e-07 -9.48787e-06 -2.16597e-06 1 1e-06 0
6.5 -2.3585e-06 -1.04996e-05 -2.56281e-06 2 1e-06 0
6.5 -2.99668e-06 -1.153e-05 -4.15131e-06 3 1e-06 0
6.5 -1.11147e-06 -1.07635e-05 -4.12672e-06 4 1e-06 0
6.5 4.47367e-07 -1.11088e-05 -2.92128e-06 5 1e-06 0
6.5 -2.87127e-07 5.47878e-06 -4.64501e-06 6 1e-06 0
6.5 -8.56292e-07 3.53819e-06 -4.56992e-06 7 1e-06 0
6.55 -7.79292e-07 -7.62462e-06 -2.87558e-06 0 1e-06 0
6.55 -6.61263e-07 -9.51991e-06 -2.14933e-06 1 1e-06 0
6.55 -2.36202e-06 -1.0494e-05 -2.55385e-06 2 1e-06 0
6.55 -2.99039e-06 -1.15348e-05 -4.14702e-06 3 1e-06 0
6.55 -1.11754e-06 -1.07669e-05 -4.12305e-06 4 1e-06 0
6.55 4.49036e-07 -1.11012e-05 -2.91886e-06 5 1e-06 0
6.55 -2.8195e-07 5.47415e-06 -4.63338e-06 6 1e-06 0
6.55 -8.53425e-07 3.53907e-06 -4.58099e-06 7 1e-06 0
6.6 -7.71789e-07 -7.63629e-06 -2.85081e-06 0 1e-06 0
6.6 -6.53769e-07 -9.55258e-06 -2.13673e-06 1 1e-06 0
6.6 -2.37768e-06 -1.04945e-05 -2.54699e-06 2 1e-06 0
6.6 -2.98173e-06 -1.15368e-05 -4.13653e-06 3 1e-06 0
6.6 -1.12421e-06 -1.07717e-05 -4.11458e-06 4 1e-06 0
6.6 4.48774e-07 -1.10939e-05 -2.92088e-06 5 1e-06 0
6.6 -2.73995e-07 5.47382e-06 -4.62449e-06 6 1e-06 0
6.6 -8.52921e-07 3.53466e-06 -4.59141e-06 7 1e-06 0
6.65 -7.64179e-07 -7.64918e-06 -2.83089e-06 0 1e-06 0
6.65 -6.49755e-07 -9.58551e-06 -2.12755e-06 1 1e-06 0
6.65 -2.39919e-06 -1.04901e-05 -2.53272e-06 2 1e-06 0
6.65 -2.97696e-06 -1.1539e-05 -4.12368e-06 3 1e-06 0
6.65 -1.12929e-06 -1.07761e-05 -4.10812e-06 4 1e-06 0
6.65 4.47576e-07 -1.10894e-05 -2.9234e-06 5 1e-06 0
6.65 -2.65277e-07 5.47061e-06 -4.61718e-06 6 1e-06 0
6.65 -8.50931e-07 3.5295e-06 -4.60078e-06 7 1e-06 0
6.7 -7.58634e-07 -7.66162e-06 -2.80926e-06 0 1e-06 0
6.7 -6.43994e-07 -9.6159e-06 -2.11604e-06 1 1e-06 0
6.7 -2.41265e-06 -1.04803e-05 -2.50543e-06 2 1e-06 0
6.7 -2.98276e-06 -1.15501e-05 -4.11498e-06 3 1e-06 0
6.7 -1.15042e-06 -1.07796e-05 -4.10762e-06 4 1e-06 0
6.7 4.48395e-07 -1.10893e-05 -2.92488e-06 5 1e-06 0
6.7 -2.55416e-07 5.46855e-06 -4.60766e-06 6 1e-06 0
6.7 -8.50214e-07 3.52334e-06 -4.60993e-06 7 1e-06 0
6.75 -7.49762e-07 -7.68067e-06 -2.79174e-06 0 1e-06 0
6.75 -6.38492e-07 -9.63989e-06 -2.10224e-06 1 1e-06 0
6.75 -2.4284e-06 -1.04637e-05 -2.48276e-06 2 1e-06 0
6.75 -3.00007e-06 -1.15633e-05 -4.10399e-06 3 1e-06 0
6.75 -1.16869e-06 -1.07872e-05 -4.10633e-06 4 1e-06 0
6.75 4.53253e-07 -1.11017e-05 -2.9308e-06 5 1e-06 0
6.75 -2.45275e-07 5.47026e-06 -4.59405e-06 6 1e-06 0
6.75 -8.4486e-07 3.51512e-06 -4.61531e-06 7 1e-06 0
6.8 -7.43956e-07 -7.70047e-06 -2.77926e-06 0 1e-06 0
6.8 -6.37489e-07 -9.66005e-06 -2.08653e-06 1 1e-06 0
6.8 -2.43768e-06 -1.0448e-05 -2.46278e-06 2 1e-06 0
6.8 -3.02471e-06 -1.15755e-05 -4.09692e-06 3 1e-06 0
6.8 -1.18219e-06 -1.07941e-05 -4.10557e-06 4 1e-06 0
6.8 4.62459e-07 -1.11199e-05 -2.93932e-06 5 1e-06 0
6.8 -2.40261e-07 5.47275e-06 -4.58413e-06 6 1e-06 0
6.8 -8.32323e-07 3.50284e-06 -4.6236e-06 7 1e-06 0
6.85 -7.42004e-07 -7.72059e-06 -2.76751e-06 0 1e-06 0
6.85 -6.32486e-07 -9.67153e-06 -2.07262e-06 1 1e-06 0
6.85 -2.44619e-06 -1.04356e-05 -2.44497e-06 2 1e-06 0
6.85 -3.04587e-06 -1.15855e-05 -4.08922e-06 3 1e-06 0
6.85 -1.19771e-06 -1.08012e-05 -4.10824e-06 4 1e-06 0
6.85 4.64945e-07 -1.11365e-05 -2.9471e-06 5 1e-06 0
6.85 -2.40102e-07 5.4702e-06 -4.57158e-06 6 1e-06 0
6.85 -8.20789e-07 3.49159e-06 -4.63042e-06 7 1e-06 0
6.9 -7.38213e-07 -7.73563e-06 -2.75382e-06 0 1e-06 0
6.9 -6.27239e-07 -9.67935e-06 -2.06e-06 1 1e-06 0
6.9 -2.45562e-06 -1.04242e-05 -2.43529e-06 2 1e-06 0
6.9 -3.0654e-06 -1.15954e-05 -4.07394e-06 3 1e-06 0
6.9 -1.21366e-06 -1.08098e-05 -4.10558e-06 4 1e-06 0
6.9 4.66808e-07 -1.115e-05 -2.95858e-06 5 1e-06 0
6.9 -2.38992e-07 5.46253e-06 -4.5618e-06 6 1e-06 0
6.9 -8.10129e-07 3.47833e-06 -4.63443e-06 7 1e-06 0
6.95 -7.28496e-07 -7.75316e-06 -2.7403e-06 0 1e-06 0
6.95 -6.21065e-07 -9.68709e-06 -2.05269e-06 1 1e-06 0
6.95 -2.46268e-06 -1.04155e-05 -2.42547e-06 2 1e-06 0
6.95 -3.07884e-06 -1.16026e-05 -4.05664e-06 3 1e-06 0
6.95 -1.22764e-06 -1.08196e-05 -4.10528e-06 4 1e-06 0
6.95 4.64185e-07 -1.11588e-05 -2.97199e-06 5 1e-06 0
6.95 -2.41156e-07 5.4562e-06 -4.54872e-06 6 1e-06 0
6.95 -8.01109e-07 3.47574e-06 -4.64191e-06 7 1e-06 0
7 -7.19768e-07 -7.7753e-06 -2.72067e-06 0 1e-06 0
7 -6.18403e-07 -9.68613e-06 -2.04631e-06 1 1e-06 0
7 -2.46976e-06 -1.04083e-05 -2.41433e-06 2 1e-06 0
7 -3.09001e-06 -1.15999e-05 -4.0389e-06 3 1e-06 0
7 -1.23864e-06 -1.08257e-05 -4.10171e-06 4 1e-06 0
7 4.64016e-07 -1.11651e-05 -2.98597e-06 5 1e-06 0
7 -2.46599e-07 5.44869e-06 -4.53319e-06 6 1e-06 0
7 -7.96243e-07 3.47538e-06 -4.64677e-06 7 1e-06 0
7.05 -7.12983e-07 -7.80023e-06 -2.70175e-06 0 1e-06 0
7.05 -6.10449e-07 -9.69916e-06 -2.03604e-06 1 1e-06 0
7.05 -2.47336e-06 -1.0407e-05 -2.40794e-06 2 1e-06 0
7.05 -3.10642e-06 -1.16012e-05 -4.02121e-06 3 1e-06 0
7.05 -1.24487e-06 -1.08314e-05 -4.09529e-06 4 1e-06 0
7.05 4.6182e-07 -1.11705e-05 -2.99797e-06 5 1e-06 0
7.05 -2.51907e-07 5.43667e-06 -4.51976e-06 6 1e-06 0
7.05 -7.9109e-07 3.47738e-06 -4.65109e-06 7 1e-06 0
7.1 -7.04618e-07 -7.82562e-06 -2.68822e-06 0 1e-06 0
7.1 -6.02339e-07 -9.72238e-06 -2.02585e-06 1 1e-06 0
7.1 -2.476e-06 -1.04098e-05 -2.40604e-06 2 1e-06 0
7.1 -3.12253e-06 -1.15973e-05 -4.00402e-06 3 1e-06 0
7.1 -1.25812e-06 -1.08374e-05 -4.08592e-06 4 1e-06 0
7.1 4.62739e-07 -1.11755e-05 -3.01313e-06 5 1e-06 0
7.1 -2.613e-07 5.42454e-06 -4.5097e-06 6 1e-06 0
7.1 -7.81367e-07 3.47333e-06 -4.65344e-06 7 1e-06 0
7.15 -7.02751e-07 -7.8514e-06 -2.68022e-06 0 1e-06 0
7.15 -5.98427e-07 -9.74857e-06 -2.01546e-06 1 1e-06 0
7.15 -2.47777e-06 -1.04155e-05 -2.40747e-06 2 1e-06 0
7.15 -3.13625e-06 -1.15948e-05 -3.98651e-06 3 1e-06 0
7.15 -1.26838e-06 -1.08461e-05 -4.07341e-06 4 1e-06 0
7.15 4.66634e-07 -1.11761e-05 -3.03017e-06 5 1e-06 0
7.15 -2.68502e-07 5.41009e-06 -4.50241e-06 6 1e-06 0
7.15 -7.73703e-07 3.45782e-06 -4.65553e-06 7 1e-06 0
7.2 -7.03084e-07 -7.87867e-06 -2.67323e-06 0 1e-06 0
7.2 -5.95583e-07 -9.77722e-06 -2.00829e-06 1 1e-06 0
7.2 -2.47786e-06 -1.04221e-05 -2.40624e-06 2 1e-06 0
7.2 -3.14505e-06 -1.15923e-05 -3.96988e-06 3 1e-06 0
7.2 -1.27642e-06 -1.08583e-05 -4.0625e-06 4 1e-06 0
7.2 4.73468e-07 -1.11724e-05 -3.04749e-06 5 1e-06 0
7.2 -2.75807e-07 5.40303e-06 -4.49892e-06 6 1e-06 0
7.2 -7.62556e-07 3.44661e-06 -4.65843e-06 7 1e-06 0
7.25 -7.03504e-07 -7.89964e-06 -2.66693e-06 0 1e-06 0
7.25 -5.92739e-07 -9.81504e-06 -1.99807e-06 1 1e-06 0
7.25 -2.47418e-06 -1.04255e-05 -2.40391e-06 2 1e-06 0
7.25 -3.15203e-06 -1.15881e-05 -3.9578e-06 3 1e-06 0
7.25 -1.28123e-06 -1.08725e-05 -4.05468e-06 4 1e-06 0
7.25 4.76242e-07 -1.11787e-05 -3.06106e-06 5 1e-06 0
7.25 -2.81392e-07 5.39607e-06 -4.4965e-06 6 1e-06 0
7.25 -7.52047e-07 3.43137e-06 -4.66479e-06 7 1e-06 0
7.3 -7.0019e-07 -7.91837e-06 -2.6574e-06 0 1e-06 0
7.3 -5.86764e-07 -9.84911e-06 -1.99333e-06 1 1e-06 0
7.3 -2.47608e-06 -1.04294e-05 -2.40162e-06 2 1e-06 0
7.3 -3.15936e-06 -1.15808e-05 -3.94387e-06 3 1e-06 0
7.3 -1.28559e-06 -1.08858e-05 -4.04873e-06 4 1e-06 0
7.3 4.76232e-07 -1.11891e-05 -3.06984e-06 5 1e-06 0
7.3 -2.92507e-07 5.39215e-06 -4.49006e-06 6 1e-06 0
7.3 -7.41863e-07 3.41452e-06 -4.66848e-06 7 1e-06 0
7.35 -6.9622e-07 -7.93384e-06 -2.64898e-06 0 1e-06 0
7.35 -5.81555e-07 -9.87754e-06 -1.98319e-06 1 1e-06 0
7.35 -2.4759e-06 -1.04388e-05 -2.40184e-06 2 1e-06 0
7.35 -3.17072e-06 -1.15701e-05 -3.93917e-06 3 1e-06 0
7.35 -1.28903e-06 -1.08968e-05 -4.04917e-06 4 1e-06 0
7.35 4.75052e-07 -1.11965e-05 -3.07381e-06 5 1e-06 0
7.35 -3.0079e-07 5.39007e-06 -4.48385e-06 6 1e-06 0
7.35 -7.33525e-07 3.40464e-06 -4.6674e-06 7 1e-06 0
7.4 -6.87476e-07 -7.94885e-06 -2.64464e-06 0 1e-06 0
7.4 -5.7433e-07 -9.907e-06 -1.97739e-06 1 1e-06 0
7.4 -2.47952e-06 -1.0446e-05 -2.40346e-06 2 1e-06 0
7.4 -3.18359e-06 -1.15602e-05 -3.93512e-06 3 1e-06 0
7.4 -1.29825e-06 -1.0906e-05 -4.05278e-06 4 1e-06 0
7.4 4.85841e-07 -1.12111e-05 -3.07627e-06 5 1e-06 0
7.4 -3.11126e-07 5.38974e-06 -4.47609e-06 6 1e-06 0
7.4 -7.26064e-07 3.39424e-06 -4.66242e-06 7 1e-06 0
7.45 -6.81611e-07 -7.96389e-06 -2.64039e-06 0 1e-06 0
7.45 -5.66521e-07 -9.93625e-06 -1.96972e-06 1 1e-06 0
7.45 -2.48292e-06 -1.04522e-05 -2.40517e-06 2 1e-06 0
7.45 -3.20271e-06 -1.15565e-05 -3.92734e-06 3 1e-06 0
7.45 -1.29954e-06 -1.0922e-05 -4.06092e-06 4 1e-06 0
7.45 5.0095e-07 -1.12311e-05 -3.07942e-06 5 1e-06 0
7.45 -3.20333e-07 5.38674e-06 -4.46691e-06 6 1e-06 0
7.45 -7.19693e-07 3.38558e-06 -4.65798e-06 7 1e-06 0
7.5 -6.73441e-07 -7.98001e-06 -2.63307e-06 0 1e-06 0
7.5 -5.59273e-07 -9.9615e-06 -1.96261e-06 1 1e-06 0
7.5 -2.48287e-06 -1.04592e-05 -2.40802e-06 2 1e-06 0
7.5 -3.22053e-06 -1.15533e-05 -3.92325e-06 3 1e-06 0
7.5 -1.29877e-06 -1.09395e-05 -4.07303e-06 4 1e-06 0
7.5 5.13537e-07 -1.12562e-05 -3.08591e-06 5 1e-06 0
7.5 -3.30655e-07 5.38304e-06 -4.45497e-06 6 1e-06 0
7.5 -7.09793e-07 3.38043e-06 -4.65448e-06 7 1e-06 0
7.55 -6.69619e-07 -7.99675e-06 -2.62574e-06 0 1e-06 0
7.55 -5.51853e-07 -9.98752e-06 -1.96115e-06 1 1e-06 0
7.55 -2.47919e-06 -1.04641e-05 -2.40774e-06 2 1e-06 0
7.55 -3.23444e-06 -1.15503e-05 -3.91837e-06 3 1e-06 0
7.55 -1.29469e-06 -1.09548e-05 -4.07369e-06 4 1e-06 0
7.55 5.2303e-07 -1.12812e-05 -3.09742e-06 5 1e-06 0
7.55 -3.38695e-07 5.37809e-06 -4.44645e-06 6 1e-06 0
7.55 -7.00409e-07 3.37575e-06 -4.64631e-06 7 1e-06 0
7.6 -6.63537e-07 -8.01169e-06 -2.6173e-06 0 1e-06 0
7.6 -5.43391e-07 -1.00171e-05 -1.96329e-06 1 1e-06 0
7.6 -2.479e-06 -1.04643e-05 -2.40518e-06 2 1e-06 0
7.6 -3.24722e-06 -1.15463e-05 -3.91159e-06 3 1e-06 0
7.6 -1.28946e-06 -1.09697e-05 -4.06795e-06 4 1e-06 0
7.6 5.26924e-07 -1.12998e-05 -3.10865e-06 5 1e-06 0
7.6 -3.43988e-07 5.36674e-06 -4.43988e-06 6 1e-06 0
7.6 -6.91189e-07 3.37475e-06 -4.63904e-06 7 1e-06 0
7.65 -6.61316e-07 -8.02651e-06 -2.60589e-06 0 1e-06 0
7.65 -5.41117e-07 -1.00433e-05 -1.96496e-06 1 1e-06 0
7.65 -2.47261e-06 -1.04612e-05 -2.40587e-06 2 1e-06 0
7.65 -3.25796e-06 -1.15433e-05 -3.90415e-06 3 1e-06 0
7.65 -1.2897e-06 -1.09773e-05 -4.06181e-06 4 1e-06 0
7.65 5.27856e-07 -1.13156e-05 -3.11648e-06 5 1e-06 0
7.65 -3.49352e-07 5.35877e-06 -4.43396e-06 6 1e-06 0
7.65 -6.83657e-07 3.37899e-06 -4.63845e-06 7 1e-06 0
7.7 -6.58328e-07 -8.0428e-06 -2.59185e-06 0 1e-06 0
7.7 -5.38955e-07 -1.0065e-05 -1.96707e-06 1 1e-06 0
7.7 -2.46592e-06 -1.04577e-05 -2.4108e-06 2 1e-06 0
7.7 -3.26137e-06 -1.15346e-05 -3.8951e-06 3 1e-06 0
7.7 -1.28965e-06 -1.09838e-05 -4.05537e-06 4 1e-06 0
7.7 5.29311e-07 -1.13268e-05 -3.12149e-06 5 1e-06 0
7.7 -3.54561e-07 5.34868e-06 -4.43635e-06 6 1e-06 0
7.7 -6.85499e-07 3.38738e-06 -4.63411e-06 7 1e-06 0
7.75 -6.54374e-07 -8.05941e-06 -2.57559e-06 0 1e-06 0
7.75 -5.37234e-07 -1.00843e-05 -1.96906e-06 1 1e-06 0
7.75 -2.44932e-06 -1.04443e-05 -2.40521e-06 2 1e-06 0
7.75 -3.2614e-06 -1.15261e-05 -3.8818e-06 3 1e-06 0
7.75 -1.29241e-06 -1.09906e-05 -4.05091e-06 4 1e-06 0
7.75 5.31709e-07 -1.13375e-05 -3.12735e-06 5 1e-06 0
7.75 -3.5826e-07 5.35617e-06 -4.43283e-06 6 1e-06 0
7.75 -6.86636e-07 3.39155e-06 -4.62558e-06 7 1e-06 0
7.8 -6.51833e-07 -8.07509e-06 -2.56193e-06 0 1e-06 0
7.8 -5.17055e-07 -1.00985e-05 -1.97104e-06 1 1e-06 0
7.8 -2.43819e-06 -1.04339e-05 -2.40127e-06 2 1e-06 0
7.8 -3.26361e-06 -1.15184e-05 -3.87186e-06 3 1e-06 0
7.8 -1.29102e-06 -1.10031e-05 -4.04486e-06 4 1e-06 0
7.8 5.40009e-07 -1.13524e-05 -3.14136e-06 5 1e-06 0
7.8 -3.57433e-07 5.36446e-06 -4.42753e-06 6 1e-06 0
7.8 -6.80837e-07 3.39491e-06 -4.61908e-06 7 1e-06 0
7.85 -6.47696e-07 -8.0899e-06 -2.54644e-06 0 1e-06 0
7.85 -4.80039e-07 -1.01048e-05 -1.97248e-06 1 1e-06 0
7.85 -2.4271e-06 -1.04235e-05 -2.39678e-06 2 1e-06 0
7.85 -3.26765e-06 -1.15145e-05 -3.86318e-06 3 1e-06 0
7.85 -1.28745e-06 -1.10149e-05 -4.03666e-06 4 1e-06 0
7.85 5.48222e-07 -1.13772e-05 -3.16101e-06 5 1e-06 0
7.85 -3.60542e-07 5.37042e-06 -4.4234e-06 6 1e-06 0
7.85 -6.76644e-07 3.40087e-06 -4.61049e-06 7 1e-06 0
7.9 -6.46411e-07 -8.10427e-06 -2.52884e-06 0 1e-06 0
7.9 -4.50836e-07 -1.01108e-05 -1.97428e-06 1 1e-06 0
7.9 -2.42622e-06 -1.04135e-05 -2.39755e-06 2 1e-06 0
7.9 -3.27246e-06 -1.15111e-05 -3.85596e-06 3 1e-06 0
7.9 -1.27874e-06 -1.1026e-05 -4.02563e-06 4 1e-06 0
7.9 5.52373e-07 -1.13992e-05 -3.18087e-06 5 1e-06 0
7.9 -3.60065e-07 5.3781e-06 -4.42464e-06 6 1e-06 0
7.9 -6.67645e-07 3.40788e-06 -4.60161e-06 7 1e-06 0
7.95 -6.43883e-07 -8.11824e-06 -2.5074e-06 0 1e-06 0
7.95 -4.27909e-07 -1.01171e-05 -1.97277e-06 1 1e-06 0
7.95 -2.42431e-06 -1.04125e-05 -2.40059e-06 2 1e-06 0
7.95 -3.27879e-06 -1.15079e-05 -3.85298e-06 3 1e-06 0
7.95 -1.27018e-06 -1.10316e-05 -4.01733e-06 4 1e-06 0
7.95 5.55793e-07 -1.14201e-05 -3.19625e-06 5 1e-06 0
7.95 -3.56582e-07 5.38592e-06 -4.42106e-06 6 1e-06 0
7.95 -6.56294e-07 3.41266e-06 -4.59027e-06 7 1e-06 0
8 -6.39409e-07 -8.12861e-06 -2.48502e-06 0 1e-06 0
8 -4.08948e-07 -1.01248e-05 -1.9727e-06 1 1e-06 0
8 -2.42571e-06 -1.04115e-05 -2.3984e-06 2 1e-06 0
8 -3.28407e-06 -1.15029e-05 -3.85477e-06 3 1e-06 0
8 -1.26265e-06 -1.10414e-05 -4.01322e-06 4 1e-06 0
8 5.57243e-07 -1.14386e-05 -3.21191e-06 5 1e-06 0
8 -3.46922e-07 5.39117e-06 -4.40992e-06 6 1e-06 0
8 -6.41558e-07 3.41677e-06 -4.58167e-06 7 1e-06 0
8.05 -6.35512e-07 -8.144e-06 -2.46443e-06 0 1e-06 0
8.05 -3.94237e-07 -1.01251e-05 -1.97688e-06 1 1e-06 0
8.05 -2.425e-06 -1.04115e-05 -2.39897e-06 2 1e-06 0
8.05 -3.28991e-06 -1.15008e-05 -3.85397e-06 3 1e-06 0
8.05 -1.26108e-06 -1.10517e-05 -4.01598e-06 4 1e-06 0
8.05 5.57453e-07 -1.14527e-05 -3.22535e-06 5 1e-06 0
8.05 -3.3348e-07 5.39246e-06 -4.40175e-06 6 1e-06 0
8.05 -6.25909e-07 3.42338e-06 -4.57536e-06 7 1e-06 0
8.1 -6.28245e-07 -8.15858e-06 -2.4444e-06 0 1e-06 0
8.1 -3.8311e-07 -1.01167e-05 -1.98057e-06 1 1e-06 0
8.1 -2.4229e-06 -1.04107e-05 -2.40059e-06 2 1e-06 0
8.1 -3.29419e-06 -1.1499e-05 -3.8542e-06 3 1e-06 0
8.1 -1.25983e-06 -1.10624e-05 -4.0173e-06 4 1e-06 0
8.1 5.54332e-07 -1.14665e-05 -3.23837e-06 5 1e-06 0
8.1 -3.17706e-07 5.40327e-06 -4.39454e-06 6 1e-06 0
8.1 -6.09095e-07 3.4253e-06 -4.56857e-06 7 1e-06 0
8.15 -6.18947e-07 -8.17669e-06 -2.42087e-06 0 1e-06 0
8.15 -3.72882e-07 -1.01126e-05 -1.98534e-06 1 1e-06 0
8.15 -2.41941e-06 -1.041e-05 -2.40224e-06 2 1e-06 0
8.15 -3.29772e-06 -1.14933e-05 -3.8537e-06 3 1e-06 0
8.15 -1.26118e-06 -1.1071e-05 -4.01984e-06 4 1e-06 0
8.15 5.49285e-07 -1.14772e-05 -3.24922e-06 5 1e-06 0
8.15 -3.08301e-07 5.41423e-06 -4.38854e-06 6 1e-06 0
8.15 -5.92167e-07 3.42891e-06 -4.56257e-06 7 1e-06 0
8.2 -6.17186e-07 -8.17818e-06 -2.40552e-06 0 1e-06 0
8.2 -3.66994e-07 -1.01236e-05 -1.99024e-06 1 1e-06 0
8.2 -2.41239e-06 -1.04101e-05 -2.40521e-06 2 1e-06 0
8.2 -3.29435e-06 -1.14838e-05 -3.85251e-06 3 1e-06 0
8.2 -1.26494e-06 -1.108e-05 -4.02082e-06 4 1e-06 0
8.2 5.45042e-07 -1.14905e-05 -3.25673e-06 5 1e-06 0
8.2 -2.96114e-07 5.42878e-06 -4.38052e-06 6 1e-06 0
8.2 -5.77788e-07 3.4301e-06 -4.55701e-06 7 1e-06 0
8.25 -6.22117e-07 -8.1841e-06 -2.39701e-06 0 1e-06 0
8.25 -3.63731e-07 -1.01497e-05 -1.9944e-06 1 1e-06 0
8.25 -2.40268e-06 -1.04118e-05 -2.40246e-06 2 1e-06 0
8.25 -3.29067e-06 -1.14784e-05 -3.85318e-06 3 1e-06 0
8.25 -1.26969e-06 -1.1093e-05 -4.01724e-06 4 1e-06 0
8.25 5.38447e-07 -1.15043e-05 -3.26297e-06 5 1e-06 0
8.25 -2.85204e-07 5.44466e-06 -4.37567e-06 6 1e-06 0
8.25 -5.69576e-07 3.42787e-06 -4.55212e-06 7 1e-06 0
8.3 -6.22893e-07 -8.1959e-06 -2.39338e-06 0 1e-06 0
8.3 -3.57317e-07 -1.01694e-05 -2.0024e-06 1 1e-06 0
8.3 -2.39354e-06 -1.04162e-05 -2.39838e-06 2 1e-06 0
8.3 -3.28214e-06 -1.14678e-05 -3.85563e-06 3 1e-06 0
8.3 -1.27963e-06 -1.11008e-05 -4.0131e-06 4 1e-06 0
8.3 5.23209e-07 -1.15171e-05 -3.26992e-06 5 1e-06 0
8.3 -2.75689e-07 5.46427e-06 -4.36439e-06 6 1e-06 0
8.3 -5.61128e-07 3.42703e-06 -4.55003e-06 7 1e-06 0
8.35 -6.24937e-07 -8.20765e-06 -2.38812e-06 0 1e-06 0
8.35 -3.55858e-07 -1.01893e-05 -2.0129e-06 1 1e-06 0
8.35 -2.38151e-06 -1.04222e-05 -2.39469e-06 2 1e-06 0
8.35 -3.27085e-06 -1.14618e-05 -3.85826e-06 3 1e-06 0
8.35 -1.2967e-06 -1.11035e-05 -4.01724e-06 4 1e-06 0
8.35 5.12306e-07 -1.15339e-05 -3.27295e-06 5 1e-06 0
8.35 -2.69504e-07 5.48394e-06 -4.35681e-06 6 1e-06 0
8.35 -5.5125e-07 3.42823e-06 -4.54544e-06 7 1e-06 0
8.4 -6.20334e-07 -8.21916e-06 -2.37851e-06 0 1e-06 0
8.4 -3.57104e-07 -1.02088e-05 -2.02616e-06 1 1e-06 0
8.4 -2.36389e-06 -1.04198e-05 -2.38882e-06 2 1e-06 0
8.4 -3.25978e-06 -1.14596e-05 -3.86409e-06 3 1e-06 0
8.4 -1.31074e-06 -1.10977e-05 -4.01353e-06 4 1e-06 0
8.4 4.99735e-07 -1.15469e-05 -3.27465e-06 5 1e-06 0
8.4 -2.63912e-07 5.49318e-06 -4.35027e-06 6 1e-06 0
8.4 -5.48837e-07 3.42998e-06 -4.54019e-06 7 1e-06 0
8.45 -6.14879e-07 -8.23384e-06 -2.36791e-06 0 1e-06 0
8.45 -3.61017e-07 -1.02237e-05 -2.0312e-06 1 1e-06 0
8.45 -2.34783e-06 -1.04158e-05 -2.38239e-06 2 1e-06 0
8.45 -3.26096e-06 -1.14589e-05 -3.86824e-06 3 1e-06 0
8.45 -1.306e-06 -1.10884e-05 -4.01547e-06 4 1e-06 0
8.45 4.89111e-07 -1.1561e-05 -3.28011e-06 5 1e-06 0
8.45 -2.59597e-07 5.49619e-06 -4.34236e-06 6 1e-06 0
8.45 -5.48128e-07 3.43754e-06 -4.53781e-06 7 1e-06 0
8.5 -6.0712e-07 -8.24939e-06 -2.36038e-06 0 1e-06 0
8.5 -3.6437e-07 -1.02354e-05 -2.03707e-06 1 1e-06 0
8.5 -2.33034e-06 -1.0411e-05 -2.38274e-06 2 1e-06 0
8.5 -3.26999e-06 -1.14627e-05 -3.8705e-06 3 1e-06 0
8.5 -1.3168e-06 -1.10744e-05 -4.01693e-06 4 1e-06 0
8.5 4.8446e-07 -1.15779e-05 -3.2891e-06 5 1e-06 0
8.5 -2.55759e-07 5.50268e-06 -4.33684e-06 6 1e-06 0
8.5 -5.48786e-07 3.44392e-06 -4.53195e-06 7 1e-06 0
8.55 -6.01042e-07 -8.26504e-06 -2.35032e-06 0 1e-06 0
8.55 -3.62011e-07 -1.02442e-05 -2.04188e-06 1 1e-06 0
8.55 -2.31155e-06 -1.04077e-05 -2.38267e-06 2 1e-06 0
8.55 -3.29347e-06 -1.14716e-05 -3.87135e-06 3 1e-06 0
8.55 -1.3302e-06 -1.1063e-05 -4.01858e-06 4 1e-06 0
8.55 4.80795e-07 -1.15908e-05 -3.29835e-06 5 1e-06 0
8.55 -2.55619e-07 5.50499e-06 -4.33412e-06 6 1e-06 0
8.55 -5.45846e-07 3.44614e-06 -4.53114e-06 7 1e-06 0
8.6 -5.97713e-07 -8.27832e-06 -2.34278e-06 0 1e-06 0
8.6 -3.49911e-07 -1.02497e-05 -2.04725e-06 1 1e-06 0
8.6 -2.30792e-06 -1.04073e-05 -2.38969e-06 2 1e-06 0
8.6 -3.31383e-06 -1.14759e-05 -3.8701e-06 3 1e-06 0
8.6 -1.34329e-06 -1.10572e-05 -4.02156e-06 4 1e-06 0
8.6 4.79221e-07 -1.1609e-05 -3.30189e-06 5 1e-06 0
8.6 -2.53353e-07 5.50479e-06 -4.33523e-06 6 1e-06 0
8.6 -5.40185e-07 3.44607e-06 -4.52971e-06 7 1e-06 0
8.65 -5.90551e-07 -8.29463e-06 -2.33813e-06 0 1e-06 0
8.65 -3.24231e-07 -1.02621e-05 -2.04197e-06 1 1e-06 0
8.65 -2.30732e-06 -1.0411e-05 -2.40038e-06 2 1e-06 0
8.65 -3.33035e-06 -1.14753e-05 -3.87059e-06 3 1e-06 0
8.65 -1.34496e-06 -1.10631e-05 -4.04496e-06 4 1e-06 0
8.65 4.77026e-07 -1.1626e-05 -3.30996e-06 5 1e-06 0
8.65 -2.52453e-07 5.51221e-06 -4.34113e-06 6 1e-06 0
8.65 -5.3702e-07 3.4537e-06 -4.52638e-06 7 1e-06 0
8.7 -5.83576e-07 -8.31383e-06 -2.33126e-06 0 1e-06 0
8.7 -2.96381e-07 -1.02873e-05 -2.03578e-06 1 1e-06 0
8.7 -2.30961e-06 -1.04185e-05 -2.41186e-06 2 1e-06 0
8.7 -3.34491e-06 -1.14747e-05 -3.87042e-06 3 1e-06 0
8.7 -1.34524e-06 -1.1071e-05 -4.06321e-06 4 1e-06 0
8.7 4.72674e-07 -1.16427e-05 -3.31432e-06 5 1e-06 0
8.7 -2.59192e-07 5.51837e-06 -4.34512e-06 6 1e-06 0
8.7 -5.31611e-07 3.4694e-06 -4.5211e-06 7 1e-06 0
8.75 -5.79718e-07 -8.33199e-06 -2.33101e-06 0 1e-06 0
8.75 -2.73063e-07 -1.0324e-05 -2.02158e-06 1 1e-06 0
8.75 -2.312e-06 -1.04244e-05 -2.42191e-06 2 1e-06 0
8.75 -3.35388e-06 -1.14762e-05 -3.86898e-06 3 1e-06 0
8.75 -1.34528e-06 -1.10731e-05 -4.078e-06 4 1e-06 0
8.75 4.72603e-07 -1.16679e-05 -3.32455e-06 5 1e-06 0
8.75 -2.59719e-07 5.52292e-06 -4.34695e-06 6 1e-06 0
8.75 -5.2863e-07 3.48468e-06 -4.518e-06 7 1e-06 0
8.8 -5.7594e-07 -8.34801e-06 -2.32181e-06 0 1e-06 0
8.8 -2.53634e-07 -1.03615e-05 -2.00785e-06 1 1e-06 0
8.8 -2.31098e-06 -1.0431e-05 -2.43257e-06 2 1e-06 0
8.8 -3.35908e-06 -1.14729e-05 -3.86433e-06 3 1e-06 0
8.8 -1.34389e-06 -1.10751e-05 -4.09626e-06 4 1e-06 0
8.8 4.68042e-07 -1.16946e-05 -3.34538e-06 5 1e-06 0
8.8 -2.61949e-07 5.52493e-06 -4.35243e-06 6 1e-06 0
8.8 -5.26936e-07 3.49834e-06 -4.51853e-06 7 1e-06 0
8.85 -5.77761e-07 -8.36428e-06 -2.31366e-06 0 1e-06 0
8.85 -2.38152e-07 -1.03981e-05 -1.99339e-06 1 1e-06 0
8.85 -2.31048e-06 -1.04407e-05 -2.44454e-06 2 1e-06 0
8.85 -3.3681e-06 -1.14651e-05 -3.85974e-06 3 1e-06 0
8.85 -1.34446e-06 -1.10781e-05 -4.1158e-06 4 1e-06 0
8.85 4.62076e-07 -1.1715e-05 -3.3633e-06 5 1e-06 0
8.85 -2.62802e-07 5.52706e-06 -4.35912e-06 6 1e-06 0
8.85 -5.23015e-07 3.50458e-06 -4.51575e-06 7 1e-06 0
8.9 -5.81219e-07 -8.38168e-06 -2.308e-06 0 1e-06 0
8.9 -2.24568e-07 -1.04313e-05 -1.98114e-06 1 1e-06 0
8.9 -2.30738e-06 -1.04496e-05 -2.45608e-06 2 1e-06 0
8.9 -3.37046e-06 -1.14538e-05 -3.85623e-06 3 1e-06 0
8.9 -1.346e-06 -1.10842e-05 -4.13101e-06 4 1e-06 0
8.9 4.50819e-07 -1.17347e-05 -3.38037e-06 5 1e-06 0
8.9 -2.66157e-07 5.52417e-06 -4.36307e-06 6 1e-06 0
8.9 -5.22279e-07 3.51174e-06 -4.51298e-06 7 1e-06 0
8.95 -5.83806e-07 -8.40726e-06 -2.3019e-06 0 1e-06 0
8.95 -2.09643e-07 -1.04649e-05 -1.96858e-06 1 1e-06 0
8.95 -2.30357e-06 -1.04531e-05 -2.46276e-06 2 1e-06 0
8.95 -3.37291e-06 -1.14358e-05 -3.84774e-06 3 1e-06 0
8.95 -1.35261e-06 -1.10905e-05 -4.14478e-06 4 1e-06 0
8.95 4.32088e-07 -1.1745e-05 -3.39818e-06 5 1e-06 0
8.95 -2.7091e-07 5.52087e-06 -4.36149e-06 6 1e-06 0
8.95 -5.23403e-07 3.51572e-06 -4.51087e-06 7 1e-06 0
9 -5.87489e-07 -8.43392e-06 -2.29398e-06 0 1e-06 0
9 -1.99762e-07 -1.04903e-05 -1.95584e-06 1 1e-06 0
9 -2.29643e-06 -1.04547e-05 -2.46999e-06 2 1e-06 0
9 -3.37507e-06 -1.1415e-05 -3.84493e-06 3 1e-06 0
9 -1.36104e-06 -1.10955e-05 -4.1536e-06 4 1e-06 0
9 4.14124e-07 -1.17502e-05 -3.41651e-06 5 1e-06 0
9 -2.73453e-07 5.51756e-06 -4.361e-06 6 1e-06 0
9 -5.22471e-07 3.51519e-06 -4.50392e-06 7 1e-06 0
9.05 -5.93671e-07 -8.45986e-06 -2.28212e-06 0 1e-06 0
9.05 -2.01118e-07 -1.05143e-05 -1.94764e-06 1 1e-06 0
9.05 -2.27675e-06 -1.0453e-05 -2.46907e-06 2 1e-06 0
9.05 -3.37906e-06 -1.13961e-05 -3.84398e-06 3 1e-06 0
9.05 -1.37295e-06 -1.11006e-05 -4.16522e-06 4 1e-06 0
9.05 3.96913e-07 -1.17563e-05 -3.4345e-06 5 1e-06 0
9.05 -2.77667e-07 5.51302e-06 -4.364e-06 6 1e-06 0
9.05 -5.17001e-07 3.51776e-06 -4.49699e-06 7 1e-06 0
9.1 -6.00174e-07 -8.48492e-06 -2.2683e-06 0 1e-06 0
9.1 -2.10027e-07 -1.05306e-05 -1.94201e-06 1 1e-06 0
9.1 -2.24354e-06 -1.04425e-05 -2.45875e-06 2 1e-06 0
9.1 -3.37999e-06 -1.13814e-05 -3.84362e-06 3 1e-06 0
9.1 -1.38593e-06 -1.1106e-05 -4.17696e-06 4 1e-06 0
9.1 3.88741e-07 -1.17582e-05 -3.45124e-06 5 1e-06 0
9.1 -2.81063e-07 5.51002e-06 -4.36365e-06 6 1e-06 0
9.1 -5.19158e-07 3.51761e-06 -4.48888e-06 7 1e-06 0
9.15 -6.05602e-07 -8.51367e-06 -2.2593e-06 0 1e-06 0
9.15 -2.19599e-07 -1.05443e-05 -1.93514e-06 1 1e-06 0
9.15 -2.21678e-06 -1.04324e-05 -2.44676e-06 2 1e-06 0
9.15 -3.38312e-06 -1.13677e-05 -3.84109e-06 3 1e-06 0
9.15 -1.3948e-06 -1.11164e-05 -4.18634e-06 4 1e-06 0
9.15 3.85204e-07 -1.17587e-05 -3.46236e-06 5 1e-06 0
9.15 -2.88695e-07 5.50694e-06 -4.35984e-06 6 1e-06 0
9.15 -5.20271e-07 3.51336e-06 -4.47731e-06 7 1e-06 0
9.2 -6.13758e-07 -8.53809e-06 -2.24941e-06 0 1e-06 0
9.2 -2.29979e-07 -1.05554e-05 -1.92388e-06 1 1e-06 0
9.2 -2.1886e-06 -1.04213e-05 -2.4349e-06 2 1e-06 0
9.2 -3.38546e-06 -1.13583e-05 -3.83494e-06 3 1e-06 0
9.2 -1.40253e-06 -1.11242e-05 -4.19502e-06 4 1e-06 0
9.2 3.89906e-07 -1.17598e-05 -3.47425e-06 5 1e-06 0
9.2 -2.96878e-07 5.50565e-06 -4.3577e-06 6 1e-06 0
9.2 -5.22531e-07 3.50359e-06 -4.46999e-06 7 1e-06 0
9.25 -6.20151e-07 -8.55693e-06 -2.24332e-06 0 1e-06 0
9.25 -2.42528e-07 -1.05661e-05 -1.91629e-06 1 1e-06 0
9.25 -2.1669e-06 -1.04075e-05 -2.43023e-06 2 1e-06 0
9.25 -3.38672e-06 -1.13577e-05 -3.82791e-06 3 1e-06 0
9.25 -1.40796e-06 -1.11391e-05 -4.20449e-06 4 1e-06 0
9.25 3.86659e-07 -1.17628e-05 -3.48332e-06 5 1e-06 0
9.25 -3.022e-07 5.5112e-06 -4.35961e-06 6 1e-06 0
9.25 -5.2578e-07 3.49606e-06 -4.46013e-06 7 1e-06 0
9.3 -6.29203e-07 -8.57365e-06 -2.23329e-06 0 1e-06 0
9.3 -2.41928e-07 -1.05726e-05 -1.90248e-06 1 1e-06 0
9.3 -2.14755e-06 -1.03862e-05 -2.42414e-06 2 1e-06 0
9.3 -3.38791e-06 -1.13535e-05 -3.82412e-06 3 1e-06 0
9.3 -1.41561e-06 -1.11566e-05 -4.21543e-06 4 1e-06 0
9.3 3.81623e-07 -1.17632e-05 -3.48982e-06 5 1e-06 0
9.3 -3.01907e-07 5.51605e-06 -4.35926e-06 6 1e-06 0
9.3 -5.29454e-07 3.48919e-06 -4.44813e-06 7 1e-06 0
9.35 -6.4534e-07 -8.58552e-06 -2.21978e-06 0 1e-06 0
9.35 -2.3309e-07 -1.0581e-05 -1.88405e-06 1 1e-06 0
9.35 -2.14269e-06 -1.03683e-05 -2.42369e-06 2 1e-06 0
9.35 -3.38888e-06 -1.13462e-05 -3.82036e-06 3 1e-06 0
9.35 -1.42791e-06 -1.11746e-05 -4.22393e-06 4 1e-06 0
9.35 3.78893e-07 -1.17607e-05 -3.49548e-06 5 1e-06 0
9.35 -3.01947e-07 5.51915e-06 -4.35621e-06 6 1e-06 0
9.35 -5.32396e-07 3.48139e-06 -4.4419e-06 7 1e-06 0
9.4 -6.549e-07 -8.59859e-06 -2.20239e-06 0 1e-06 0
9.4 -2.13116e-07 -1.05884e-05 -1.86322e-06 1 1e-06 0
9.4 -2.14256e-06 -1.03549e-05 -2.42455e-06 2 1e-06 0
9.4 -3.38684e-06 -1.1343e-05 -3.81209e-06 3 1e-06 0
9.4 -1.44009e-06 -1.11967e-05 -4.23084e-06 4 1e-06 0
9.4 3.82191e-07 -1.17569e-05 -3.50281e-06 5 1e-06 0
9.4 -3.0281e-07 5.52551e-06 -4.35472e-06 6 1e-06 0
9.4 -5.37117e-07 3.47487e-06 -4.43556e-06 7 1e-06 0
9.45 -6.70051e-07 -8.61069e-06 -2.18372e-06 0 1e-06 0
9.45 -1.89443e-07 -1.05901e-05 -1.84508e-06 1 1e-06 0
9.45 -2.14086e-06 -1.03418e-05 -2.42521e-06 2 1e-06 0
9.45 -3.39259e-06 -1.13402e-05 -3.79883e-06 3 1e-06 0
9.45 -1.45166e-06 -1.12197e-05 -4.23661e-06 4 1e-06 0
9.45 3.86324e-07 -1.17557e-05 -3.50056e-06 5 1e-06 0
9.45 -3.0346e-07 5.53215e-06 -4.36055e-06 6 1e-06 0
9.45 -5.41547e-07 3.46931e-06 -4.43297e-06 7 1e-06 0
9.5 -6.88838e-07 -8.62641e-06 -2.17253e-06 0 1e-06 0
9.5 -1.71352e-07 -1.05892e-05 -1.83624e-06 1 1e-06 0
9.5 -2.13406e-06 -1.03277e-05 -2.42636e-06 2 1e-06 0
9.5 -3.40581e-06 -1.1341e-05 -3.77875e-06 3 1e-06 0
9.5 -1.46468e-06 -1.12404e-05 -4.23999e-06 4 1e-06 0
9.5 3.92582e-07 -1.1752e-05 -3.49804e-06 5 1e-06 0
9.5 -3.09586e-07 5.54195e-06 -4.36553e-06 6 1e-06 0
9.5 -5.49153e-07 3.46203e-06 -4.42778e-06 7 1e-06 0
9.55 -7.0262e-07 -8.64037e-06 -2.16426e-06 0 1e-06 0
9.55 -1.56069e-07 -1.05867e-05 -1.82448e-06 1 1e-06 0
9.55 -2.13077e-06 -1.03153e-05 -2.42807e-06 2 1e-06 0
9.55 -3.42777e-06 -1.13357e-05 -3.7582e-06 3 1e-06 0
9.55 -1.47859e-06 -1.12619e-05 -4.24325e-06 4 1e-06 0
9.55 3.98678e-07 -1.17444e-05 -3.48936e-06 5 1e-06 0
9.55 -3.12316e-07 5.54761e-06 -4.3712e-06 6 1e-06 0
9.55 -5.53175e-07 3.45778e-06 -4.42038e-06 7 1e-06 0
9.6 -7.18274e-07 -8.65551e-06 -2.15524e-06 0 1e-06 0
9.6 -1.45076e-07 -1.0582e-05 -1.81149e-06 1 1e-06 0
9.6 -2.13082e-06 -1.03118e-05 -2.43209e-06 2 1e-06 0
9.6 -3.44594e-06 -1.13262e-05 -3.7411e-06 3 1e-06 0
9.6 -1.49192e-06 -1.12764e-05 -4.24904e-06 4 1e-06 0
9.6 4.01688e-07 -1.17385e-05 -3.48394e-06 5 1e-06 0
9.6 -3.17136e-07 5.55001e-06 -4.38071e-06 6 1e-06 0
9.6 -5.55465e-07 3.45356e-06 -4.42002e-06 7 1e-06 0
9.65 -7.34027e-07 -8.66981e-06 -2.14871e-06 0 1e-06 0
9.65 -1.39076e-07 -1.05778e-05 -1.79915e-06 1 1e-06 0
9.65 -2.13344e-06 -1.03125e-05 -2.43329e-06 2 1e-06 0
9.65 -3.45687e-06 -1.13152e-05 -3.7281e-06 3 1e-06 0
9.65 -1.50652e-06 -1.1286e-05 -4.25137e-06 4 1e-06 0
9.65 4.01065e-07 -1.173e-05 -3.473e-06 5 1e-06 0
9.65 -3.15814e-07 5.54839e-06 -4.38871e-06 6 1e-06 0
9.65 -5.59982e-07 3.45111e-06 -4.42129e-06 7 1e-06 0
9.7 -7.46013e-07 -8.68555e-06 -2.14174e-06 0 1e-06 0
9.7 -1.37086e-07 -1.05726e-05 -1.79263e-06 1 1e-06 0
9.7 -2.12999e-06 -1.03122e-05 -2.43433e-06 2 1e-06 0
9.7 -3.46766e-06 -1.13068e-05 -3.71843e-06 3 1e-06 0
9.7 -1.52078e-06 -1.12947e-05 -4.25022e-06 4 1e-06 0
9.7 3.99498e-07 -1.17152e-05 -3.46655e-06 5 1e-06 0
9.7 -3.14634e-07 5.5393e-06 -4.39779e-06 6 1e-06 0
9.7 -5.65412e-07 3.45449e-06 -4.42439e-06 7 1e-06 0
9.75 -7.57972e-07 -8.69895e-06 -2.13213e-06 0 1e-06 0
9.75 -1.37022e-07 -1.05667e-05 -1.78758e-06 1 1e-06 0
9.75 -2.1268e-06 -1.03124e-05 -2.42805e-06 2 1e-06 0
9.75 -3.46949e-06 -1.13052e-05 -3.70548e-06 3 1e-06 0
9.75 -1.52646e-06 -1.13048e-05 -4.25056e-06 4 1e-06 0
9.75 3.91081e-07 -1.17019e-05 -3.46494e-06 5 1e-06 0
9.75 -3.07542e-07 5.53001e-06 -4.40851e-06 6 1e-06 0
9.75 -5.69514e-07 3.45773e-06 -4.42314e-06 7 1e-06 0
9.8 -7.75312e-07 -8.69695e-06 -2.12517e-06 0 1e-06 0
9.8 -1.37393e-07 -1.05634e-05 -1.7866e-06 1 1e-06 0
9.8 -2.13141e-06 -1.03177e-05 -2.42895e-06 2 1e-06 0
9.8 -3.47263e-06 -1.13107e-05 -3.6924e-06 3 1e-06 0
9.8 -1.53232e-06 -1.13147e-05 -4.24993e-06 4 1e-06 0
9.8 3.7482e-07 -1.16833e-05 -3.46541e-06 5 1e-06 0
9.8 -3.01088e-07 5.52217e-06 -4.41632e-06 6 1e-06 0
9.8 -5.69067e-07 3.46029e-06 -4.42217e-06 7 1e-06 0
9.85 -7.93267e-07 -8.69591e-06 -2.11714e-06 0 1e-06 0
9.85 -1.42232e-07 -1.05616e-05 -1.78907e-06 1 1e-06 0
9.85 -2.1404e-06 -1.03196e-05 -2.4275e-06 2 1e-06 0
9.85 -3.47824e-06 -1.13108e-05 -3.68065e-06 3 1e-06 0
9.85 -1.5337e-06 -1.1332e-05 -4.24539e-06 4 1e-06 0
9.85 3.61548e-07 -1.16693e-05 -3.4647e-06 5 1e-06 0
9.85 -2.91561e-07 5.51585e-06 -4.41888e-06 6 1e-06 0
9.85 -5.73594e-07 3.45643e-06 -4.42311e-06 7 1e-06 0
9.9 -8.11355e-07 -8.69103e-06 -2.11068e-06 0 1e-06 0
9.9 -1.49115e-07 -1.05591e-05 -1.79331e-06 1 1e-06 0
9.9 -2.14765e-06 -1.03243e-05 -2.42803e-06 2 1e-06 0
9.9 -3.47442e-06 -1.13081e-05 -3.67038e-06 3 1e-06 0
9.9 -1.52912e-06 -1.13476e-05 -4.23663e-06 4 1e-06 0
9.9 3.48352e-07 -1.16543e-05 -3.46546e-06 5 1e-06 0
9.9 -2.88051e-07 5.5054e-06 -4.4157e-06 6 1e-06 0
9.9 -5.82511e-07 3.45475e-06 -4.43086e-06 7 1e-06 0
9.95 -8.23531e-07 -8.68752e-06 -2.10004e-06 0 1e-06 0
9.95 -1.54274e-07 -1.05581e-05 -1.79755e-06 1 1e-06 0
9.95 -2.15182e-06 -1.03275e-05 -2.43213e-06 2 1e-06 0
9.95 -3.475e-06 -1.13067e-05 -3.6529e-06 3 1e-06 0
9.95 -1.51859e-06 -1.13624e-05 -4.22598e-06 4 1e-06 0
9.95 3.38716e-07 -1.16444e-05 -3.46867e-06 5 1e-06 0
9.95 -2.88215e-07 5.4942e-06 -4.41332e-06 6 1e-06 0
9.95 -5.93813e-07 3.45947e-06 -4.43744e-06 7 1e-06 0
