8.396666e-06 -6.005954e-06 1.071067e-05 0.000000e+00 0.000000e+00 0.000000e+00 1.000000e-08 1.000000e-06 0.000000e+00
9.936870e-06 -6.456715e-06 1.069153e-05 0.000000e+00 0.000000e+00 0.000000e+00 1.000000e-08 1.000000e-06 0.000000e+00
8.180796e-06 -7.291593e-06 1.114104e-05 0.000000e+00 0.000000e+00 0.000000e+00 1.000000e-08 1.000000e-06 0.000000e+00
9.949363e-06 -6.132496e-06 9.308457e-06 0.000000e+00 0.000000e+00 0.000000e+00 1.000000e-08 1.000000e-06 0.000000e+00
1.069304e-05 -5.715834e-06 9.981098e-06 0.000000e+00 0.000000e+00 0.000000e+00 1.000000e-08 1.000000e-06 0.000000e+00
9.238794e-06 -7.292124e-06 9.929224e-06 0.000000e+00 0.000000e+00 0.000000e+00 1.000000e-08 1.000000e-06 0.000000e+00
1.483177e-06 3.729675e-06 9.942831e-06 0.000000e+00 0.000000e+00 0.000000e+00 1.000000e-08 1.000000e-06 0.000000e+00
-5.204247e-07 4.142065e-06 9.480538e-06 0.000000e+00 0.000000e+00 0.000000e+00 1.000000e-08 1.000000e-06 0.000000e+00
6.531252e-07 5.381672e-06 9.378841e-06 0.000000e+00 0.000000e+00 0.000000e+00 1.000000e-08 1.000000e-06 0.000000e+00
-9.364243e-07 5.135470e-06 8.651136e-06 0.000000e+00 0.000000e+00 0.000000e+00 1.000000e-08 1.000000e-06 0.000000e+00
-9.317271e-07 3.808508e-06 9.961011e-06 0.000000e+00 0.000000e+00 0.000000e+00 1.000000e-08 1.000000e-06 0.000000e+00
-1.251969e-06 3.404398e-06 9.445833e-06 0.000000e+00 0.000000e+00 0.000000e+00 1.000000e-08 1.000000e-06 0.000000e+00
6.362921e-06 3.928944e-06 -5.160612e-06 0.000000e+00 0.000000e+00 0.000000e+00 1.000000e-08 1.000000e-06 0.000000e+00
7.520369e-06 4.837734e-06 -4.527384e-06 0.000000e+00 0.000000e+00 0.000000e+00 1.000000e-08 1.000000e-06 0.000000e+00
8.482148e-06 5.648213e-06 -4.400435e-06 0.000000e+00 0.000000e+00 0.000000e+00 1.000000e-08 1.000000e-06 0.000000e+00
8.337019e-06 5.677229e-06 -4.769776e-06 0.000000e+00 0.000000e+00 0.000000e+00 1.000000e-08 1.000000e-06 0.000000e+00
7.770485e-06 3.999838e-06 -5.633866e-06 0.000000e+00 0.000000e+00 0.000000e+00 1.000000e-08 1.000000e-06 0.000000e+00
7.713283e-06 4.211316e-06 -5.482180e-06 0.000000e+00 0.000000e+00 0.000000e+00 1.000000e-08 1.000000e-06 0.000000e+00
4.677385e-06 3.732261e-08 -5.708544e-06 0.000000e+00 0.000000e+00 0.000000e+00 1.000000e-08 1.000000e-06 0.000000e+00
6.600768e-06 7.824483e-07 -3.956133e-06 0.000000e+00 0.000000e+00 0.000000e+00 1.000000e-08 1.000000e-06 0.000000e+00
3.582631e-06 -2.540830e-07 -4.287390e-06 0.000000e+00 0.000000e+00 0.000000e+00 1.000000e-08 1.000000e-06 0.000000e+00
4.166858e-06 9.583566e-07 -5.271506e-06 0.000000e+00 0.000000e+00 0.000000e+00 1.000000e-08 1.000000e-06 0.000000e+00
6.228543e-06 2.239553e-07 -4.271319e-06 0.000000e+00 0.000000e+00 0.000000e+00 1.000000e-08 1.000000e-06 0.000000e+00
4.386822e-06 7.935926e-08 -4.878538e-06 0.000000e+00 0.000000e+00 0.000000e+00 1.000000e-08 1.000000e-06 0.000000e+00
-7.142280e-06 1.083818e-06 7.618001e-06 0.000000e+00 0.000000e+00 0.000000e+00 1.000000e-08 1.000000e-06 0.000000e+00
-7.922107e-06 2.104944e-06 6.782938e-06 0.000000e+00 0.000000e+00 0.000000e+00 1.000000e-08 1.000000e-06 0.000000e+00
-8.788452e-06 1.866018e-06 7.347031e-06 0.000000e+00 0.000000e+00 0.000000e+00 1.000000e-08 1.000000e-06 0.000000e+00
-7.792279e-06 2.553737e-06 7.099987e-06 0.000000e+00 0.000000e+00 0.000000e+00 1.000000e-08 1.000000e-06 0.000000e+00
-1.006035e-05 6.907255e-07 7.537605e-06 0.000000e+00 0.000000e+00 0.000000e+00 1.000000e-08 1.000000e-06 0.000000e+00
-1.023837e-05 2.443838e-06 7.124617e-06 0.000000e+00 0.000000e+00 0.000000e+00 1.000000e-08 1.000000e-06 0.000000e+00
5.633291e-06 -5.906842e-06 1.011247e-05 0.000000e+00 0.000000e+00 0.000000e+00 1.000000e-08 1.000000e-06 0.000000e+00
5.186303e-06 -5.090094e-06 1.123270e-05 0.000000e+00 0.000000e+00 0.000000e+00 1.000000e-08 1.000000e-06 0.000000e+00
5.294056e-06 -5.044734e-06 1.016388e-05 0.000000e+00 0.000000e+00 0.000000e+00 1.000000e-08 1.000000e-06 0.000000e+00
4.993678e-06 -5.309908e-06 9.782629e-06 0.000000e+00 0.000000e+00 0.000000e+00 1.000000e-08 1.000000e-06 0.000000e+00
6.528567e-06 -4.377642e-06 1.129643e-05 0.000000e+00 0.000000e+00 0.000000e+00 1.000000e-08 1.000000e-06 0.000000e+00
5.300137e-06 -5.033110e-06 1.009029e-05 0.000000e+00 0.000000e+00 0.000000e+00 1.000000e-08 1.000000e-06 0.000000e+00
-2.415264e-06 6.437216e-06 -6.253851e-07 0.000000e+00 0.000000e+00 0.000000e+00 1.000000e-08 1.000000e-06 0.000000e+00
-1.576626e-06 5.305627e-06 -1.804284e-06 0.000000e+00 0.000000e+00 0.000000e+00 1.000000e-08 1.000000e-06 0.000000e+00
-1.382162e-06 5.438072e-06 -1.338443e-06 0.000000e+00 0.000000e+00 0.000000e+00 1.000000e-08 1.000000e-06 0.000000e+00
-1.269755e-06 6.009534e-06 -1.886994e-06 0.000000e+00 0.000000e+00 0.000000e+00 1.000000e-08 1.000000e-06 0.000000e+00
2.011223e-07 6.414168e-06 -2.778384e-09 0.000000e+00 0.000000e+00 0.000000e+00 1.000000e-08 1.000000e-06 0.000000e+00
-2.963302e-06 6.251742e-06 -2.268761e-07 0.000000e+00 0.000000e+00 0.000000e+00 1.000000e-08 1.000000e-06 0.000000e+00
1.858037e-07 4.595770e-06 -3.929828e-06 0.000000e+00 0.000000e+00 0.000000e+00 1.000000e-08 1.000000e-06 0.000000e+00
-2.270841e-07 5.770263e-06 -2.834301e-06 0.000000e+00 0.000000e+00 0.000000e+00 1.000000e-08 1.000000e-06 0.000000e+00
6.106760e-07 5.800752e-06 -3.567841e-06 0.000000e+00 0.000000e+00 0.000000e+00 1.000000e-08 1.000000e-06 0.000000e+00
8.015595e-07 4.387027e-06 -2.425028e-06 0.000000e+00 0.000000e+00 0.000000e+00 1.000000e-08 1.000000e-06 0.000000e+00
3.873683e-07 5.330499e-06 -2.537756e-06 0.000000e+00 0.000000e+00 0.000000e+00 1.000000e-08 1.000000e-06 0.000000e+00
4.667951e-07 5.410323e-06 -2.423572e-06 0.000000e+00 0.000000e+00 0.000000e+00 1.000000e-08 1.000000e-06 0.000000e+00
9.224365e-06 9.179364e-06 -4.849448e-06 0.000000e+00 0.000000e+00 0.000000e+00 1.000000e-08 1.000000e-06 0.000000e+00
7.045620e-06 9.125985e-06 -4.844292e-06 0.000000e+00 0.000000e+00 0.000000e+00 1.000000e-08 1.000000e-06 0.000000e+00
8.554982e-06 8.727215e-06 -5.401576e-06 0.000000e+00 0.000000e+00 0.000000e+00 1.000000e-08 1.000000e-06 0.000000e+00
6.530229e-06 1.056685e-05 -5.301537e-06 0.000000e+00 0.000000e+00 0.000000e+00 1.000000e-08 1.000000e-06 0.000000e+00
7.459440e-06 1.043674e-05 -6.647593e-06 0.000000e+00 0.000000e+00 0.000000e+00 1.000000e-08 1.000000e-06 0.000000e+00
7.997927e-06 8.596114e-06 -5.963660e-06 0.000000e+00 0.000000e+00 0.000000e+00 1.000000e-08 1.000000e-06 0.000000e+00
5.199588e-06 8.029319e-06 9.526815e-06 0.000000e+00 0.000000e+00 0.000000e+00 1.000000e-08 1.000000e-06 0.000000e+00
2.672415e-06 8.309519e-06 8.688088e-06 0.000000e+00 0.000000e+00 0.000000e+00 1.000000e-08 1.000000e-06 0.000000e+00
3.474706e-06 8.408092e-06 7.990020e-06 0.000000e+00 0.000000e+00 0.000000e+00 1.000000e-08 1.000000e-06 0.000000e+00
2.257909e-06 7.527890e-06 9.120288e-06 0.000000e+00 0.000000e+00 0.000000e+00 1.000000e-08 1.000000e-06 0.000000e+00
3.644996e-06 8.286036e-06 8.644036e-06 0.000000e+00 0.000000e+00 0.000000e+00 1.000000e-08 1.000000e-06 0.000000e+00
3.134941e-06 8.349690e-06 9.710162e-06 0.000000e+00 0.000000e+00 0.000000e+00 1.000000e-08 1.000000e-06 0.000000e+00
-3.746165e-06 -3.747578e-07 4.610943e-06 0.000000e+00 0.000000e+00 0.000000e+00 1.000000e-08 1.000000e-06 0.000000e+00
-1.718671e-06 -2.337839e-06 5.471896e-06 0.000000e+00 0.000000e+00 0.000000e+00 1.000000e-08 1.000000e-06 0.000000e+00
-4.272488e-06 -1.240867e-06 4.700499e-06 0.000000e+00 0.000000e+00 0.000000e+00 1.000000e-08 1.000000e-06 0.000000e+00
-2.037385e-06 -2.284090e-06 5.248331e-06 0.000000e+00 0.000000e+00 0.000000e+00 1.000000e-08 1.000000e-06 0.000000e+00
-2.357511e-06 -6.078732e-07 5.218268e-06 0.000000e+00 0.000000e+00 0.000000e+00 1.000000e-08 1.000000e-06 0.000000e+00
-2.854015e-06 -9.808828e-07 4.569752e-06 0.000000e+00 0.000000e+00 0.000000e+00 1.000000e-08 1.000000e-06 0.000000e+00
5.580020e-06 -6.803387e-06 -4.438818e-06 0.000000e+00 0.000000e+00 0.000000e+00 1.000000e-08 1.000000e-06 0.000000e+00
5.794098e-06 -6.969092e-06 -4.541446e-06 0.000000e+00 0.000000e+00 0.000000e+00 1.000000e-08 1.000000e-06 0.000000e+00
6.468557e-06 -5.266825e-06 -4.418755e-06 0.000000e+00 0.000000e+00 0.000000e+00 1.000000e-08 1.000000e-06 0.000000e+00
6.771213e-06 -5.119340e-06 -5.393057e-06 0.000000e+00 0.000000e+00 0.000000e+00 1.000000e-08 1.000000e-06 0.000000e+00
5.978602e-06 -5.083045e-06 -4.394440e-06 0.000000e+00 0.000000e+00 0.000000e+00 1.000000e-08 1.000000e-06 0.000000e+00
6.391368e-06 -7.077445e-06 -5.065996e-06 0.000000e+00 0.000000e+00 0.000000e+00 1.000000e-08 1.000000e-06 0.000000e+00
4.212668e-06 3.948222e-06 3.531163e-07 0.000000e+00 0.000000e+00 0.000000e+00 1.000000e-08 1.000000e-06 0.000000e+00
3.675432e-06 4.334679e-06 1.939150e-06 0.000000e+00 0.000000e+00 0.000000e+00 1.000000e-08 1.000000e-06 0.000000e+00
4.149661e-06 3.846804e-06 2.175404e-07 0.000000e+00 0.000000e+00 0.000000e+00 1.000000e-08 1.000000e-06 0.000000e+00
2.746865e-06 5.808364e-06 1.974196e-06 0.000000e+00 0.000000e+00 0.000000e+00 1.000000e-08 1.000000e-06 0.000000e+00
4.140814e-06 4.785239e-06 1.345395e-06 0.000000e+00 0.000000e+00 0.000000e+00 1.000000e-08 1.000000e-06 0.000000e+00
4.463959e-06 5.278313e-06 1.631890e-06 0.000000e+00 0.000000e+00 0.000000e+00 1.000000e-08 1.000000e-06 0.000000e+00
-7.499570e-06 -6.496549e-06 7.071247e-06 0.000000e+00 0.000000e+00 0.000000e+00 1.000000e-08 1.000000e-06 0.000000e+00
-8.584119e-06 -4.828990e-06 5.801446e-06 0.000000e+00 0.000000e+00 0.000000e+00 1.000000e-08 1.000000e-06 0.000000e+00
-8.930120e-06 -5.664727e-06 6.303559e-06 0.000000e+00 0.000000e+00 0.000000e+00 1.000000e-08 1.000000e-06 0.000000e+00
-8.889175e-06 -6.286395e-06 5.245206e-06 0.000000e+00 0.000000e+00 0.000000e+00 1.000000e-08 1.000000e-06 0.000000e+00
-9.327880e-06 -4.793221e-06 6.412729e-06 0.000000e+00 0.000000e+00 0.000000e+00 1.000000e-08 1.000000e-06 0.000000e+00
-9.736317e-06 -4.513990e-06 6.296046e-06 0.000000e+00 0.000000e+00 0.000000e+00 1.000000e-08 1.000000e-06 0.000000e+00
6.165906e-06 -2.613018e-06 -4.743731e-06 0.000000e+00 0.000000e+00 0.000000e+00 1.000000e-08 1.000000e-06 0.000000e+00
6.469288e-06 -7.222027e-07 -3.874034e-06 0.000000e+00 0.000000e+00 0.000000e+00 1.000000e-08 1.000000e-06 0.000000e+00
6.311065e-06 -7.565953e-07 -3.994375e-06 0.000000e+00 0.000000e+00 0.000000e+00 1.000000e-08 1.000000e-06 0.000000e+00
5.242247e-06 -1.754902e-06 -4.569859e-06 0.000000e+00 0.000000e+00 0.000000e+00 1.000000e-08 1.000000e-06 0.000000e+00
5.761359e-06 -2.175537e-06 -3.879595e-06 0.000000e+00 0.000000e+00 0.000000e+00 1.000000e-08 1.000000e-06 0.000000e+00
3.918548e-06 -1.370287e-06 -4.424294e-06 0.000000e+00 0.000000e+00 0.000000e+00 1.000000e-08 1.000000e-06 0.000000e+00
4.453770e-06 -5.237494e-06 2.181996e-06 0.000000e+00 0.000000e+00 0.000000e+00 1.000000e-08 1.000000e-06 0.000000e+00
3.504964e-06 -6.276356e-06 2.823644e-06 0.000000e+00 0.000000e+00 0.000000e+00 1.000000e-08 1.000000e-06 0.000000e+00
5.667241e-06 -6.238438e-06 3.475849e-06 0.000000e+00 0.000000e+00 0.000000e+00 1.000000e-08 1.000000e-06 0.000000e+00
6.445020e-06 -5.499009e-06 3.473762e-06 0.000000e+00 0.000000e+00 0.000000e+00 1.000000e-08 1.000000e-06 0.000000e+00
5.432126e-06 -4.412574e-06 3.418772e-06 0.000000e+00 0.000000e+00 0.000000e+00 1.000000e-08 1.000000e-06 0.000000e+00
6.080189e-06 -4.800013e-06 3.147587e-06 0.000000e+00 0.000000e+00 0.000000e+00 1.000000e-08 1.000000e-06 0.000000e+00
-3.386374e-07 1.466238e-06 -3.167585e-06 0.000000e+00 0.000000e+00 0.000000e+00 1.000000e-08 1.000000e-06 0.000000e+00
-3.006793e-06 2.585933e-07 -4.294897e-06 0.000000e+00 0.000000e+00 0.000000e+00 1.000000e-08 1.000000e-06 0.000000e+00
-3.138009e-06 1.913889e-07 -3.703930e-06 0.000000e+00 0.000000e+00 0.000000e+00 1.000000e-08 1.000000e-06 0.000000e+00
-2.994928e-06 2.487790e-07 -4.303173e-06 0.000000e+00 0.000000e+00 0.000000e+00 1.000000e-08 1.000000e-06 0.000000e+00
-1.907061e-06 7.701688e-07 -3.171557e-06 0.000000e+00 0.000000e+00 0.000000e+00 1.000000e-08 1.000000e-06 0.000000e+00
-9.337398e-07 2.264321e-07 -3.519269e-06 0.000000e+00 0.000000e+00 0.000000e+00 1.000000e-08 1.000000e-06 0.000000e+00
-2.057511e-06 -5.075737e-07 -6.713880e-06 0.000000e+00 0.000000e+00 0.000000e+00 1.000000e-08 1.000000e-06 0.000000e+00
-4.713030e-06 2.365247e-07 -6.821138e-06 0.000000e+00 0.000000e+00 0.000000e+00 1.000000e-08 1.000000e-06 0.000000e+00
-3.660922e-06 3.896734e-07 -7.971916e-06 0.000000e+00 0.000000e+00 0.000000e+00 1.000000e-08 1.000000e-06 0.000000e+00
-2.538111e-06 1.913869e-08 -7.137482e-06 0.000000e+00 0.000000e+00 0.000000e+00 1.000000e-08 1.000000e-06 0.000000e+00
-2.873461e-06 3.822171e-07 -7.182624e-06 0.000000e+00 0.000000e+00 0.000000e+00 1.000000e-08 1.000000e-06 0.000000e+00
-3.347543e-06 -1.445358e-07 -7.447116e-06 0.000000e+00 0.000000e+00 0.000000e+00 1.000000e-08 1.000000e-06 0.000000e+00
8.587910e-06 -2.395577e-06 -5.342908e-06 0.000000e+00 0.000000e+00 0.000000e+00 1.000000e-08 1.000000e-06 0.000000e+00
6.578631e-06 -4.237455e-07 -5.297949e-06 0.000000e+00 0.000000e+00 0.000000e+00 1.000000e-08 1.000000e-06 0.000000e+00
9.052304e-06 -7.745325e-07 -5.357577e-06 0.000000e+00 0.000000e+00 0.000000e+00 1.000000e-08 1.000000e-06 0.000000e+00
7.220214e-06 -8.163763e-07 -5.451956e-06 0.000000e+00 0.000000e+00 0.000000e+00 1.000000e-08 1.000000e-06 0.000000e+00
7.308209e-06 -1.923300e-06 -5.460034e-06 0.000000e+00 0.000000e+00 0.000000e+00 1.000000e-08 1.000000e-06 0.000000e+00
7.388295e-06 -5.972246e-07 -6.246666e-06 0.000000e+00 0.000000e+00 0.000000e+00 1.000000e-08 1.000000e-06 0.000000e+00
1.821638e-06 1.032539e-05 -2.622323e-06 0.000000e+00 0.000000e+00 0.000000e+00 1.000000e-08 1.000000e-06 0.000000e+00
1.541458e-06 1.004522e-05 -3.058760e-06 0.000000e+00 0.000000e+00 0.000000e+00 1.000000e-08 1.000000e-06 0.000000e+00
2.029742e-06 1.080284e-05 -3.343883e-06 0.000000e+00 0.000000e+00 0.000000e+00 1.000000e-08 1.000000e-06 0.000000e+00
4.911770e-07 9.029377e-06 -2.810386e-06 0.000000e+00 0.000000e+00 0.000000e+00 1.000000e-08 1.000000e-06 0.000000e+00
1.117488e-07 1.049093e-05 -3.060843e-06 0.000000e+00 0.000000e+00 0.000000e+00 1.000000e-08 1.000000e-06 0.000000e+00
3.647227e-07 1.092234e-05 -2.499219e-06 0.000000e+00 0.000000e+00 0.000000e+00 1.000000e-08 1.000000e-06 0.000000e+00
-5.211445e-06 1.468379e-06 2.660306e-06 0.000000e+00 0.000000e+00 0.000000e+00 1.000000e-08 1.000000e-06 0.000000e+00
-6.861907e-06 3.381655e-07 2.289448e-06 0.000000e+00 0.000000e+00 0.000000e+00 1.000000e-08 1.000000e-06 0.000000e+00
-5.902961e-06 -9.276973e-08 2.200528e-06 0.000000e+00 0.000000e+00 0.000000e+00 1.000000e-08 1.000000e-06 0.000000e+00
-7.078487e-06 3.685101e-07 3.127592e-06 0.000000e+00 0.000000e+00 0.000000e+00 1.000000e-08 1.000000e-06 0.000000e+00
-6.572567e-06 7.527747e-07 1.492047e-06 0.000000e+00 0.000000e+00 0.000000e+00 1.000000e-08 1.000000e-06 0.000000e+00
-6.313457e-06 1.149087e-06 3.222057e-06 0.000000e+00 0.000000e+00 0.000000e+00 1.000000e-08 1.000000e-06 0.000000e+00
-5.955817e-06 2.881869e-06 1.816570e-06 0.000000e+00 0.000000e+00 0.000000e+00 1.000000e-08 1.000000e-06 0.000000e+00
-6.502576e-06 2.510122e-06 8.634243e-07 0.000000e+00 0.000000e+00 0.000000e+00 1.000000e-08 1.000000e-06 0.000000e+00
-7.818022e-06 2.462043e-06 2.216868e-06 0.000000e+00 0.000000e+00 0.000000e+00 1.000000e-08 1.000000e-06 0.000000e+00
-5.952966e-06 2.685221e-06 3.023763e-07 0.000000e+00 0.000000e+00 0.000000e+00 1.000000e-08 1.000000e-06 0.000000e+00
-6.640880e-06 1.901423e-06 1.265441e-06 0.000000e+00 0.000000e+00 0.000000e+00 1.000000e-08 1.000000e-06 0.000000e+00
-4.309416e-06 2.611202e-06 1.940201e-06 0.000000e+00 0.000000e+00 0.000000e+00 1.000000e-08 1.000000e-06 0.000000e+00
1.798037e-06 -9.874795e-07 7.556339e-06 0.000000e+00 0.000000e+00 0.000000e+00 1.000000e-08 1.000000e-06 0.000000e+00
1.636095e-06 1.100282e-07 7.238103e-06 0.000000e+00 0.000000e+00 0.000000e+00 1.000000e-08 1.000000e-06 0.000000e+00
1.752479e-06 -6.946651e-07 7.644738e-06 0.000000e+00 0.000000e+00 0.000000e+00 1.000000e-08 1.000000e-06 0.000000e+00
3.519359e-06 -6.363149e-07 9.037514e-06 0.000000e+00 0.000000e+00 0.000000e+00 1.000000e-08 1.000000e-06 0.000000e+00
-2.028839e-07 1.715783e-07 9.165125e-06 0.000000e+00 0.000000e+00 0.000000e+00 1.000000e-08 1.000000e-06 0.000000e+00
1.661163e-06 -1.348674e-06 7.227193e-06 0.000000e+00 0.000000e+00 0.000000e+00 1.000000e-08 1.000000e-06 0.000000e+00
4.388118e-06 6.630038e-06 -5.014167e-06 0.000000e+00 0.000000e+00 0.000000e+00 1.000000e-08 1.000000e-06 0.000000e+00
5.720382e-06 6.143872e-06 -6.350198e-06 0.000000e+00 0.000000e+00 0.000000e+00 1.000000e-08 1.000000e-06 0.000000e+00
5.814069e-06 6.408108e-06 -4.385813e-06 0.000000e+00 0.000000e+00 0.000000e+00 1.000000e-08 1.000000e-06 0.000000e+00
5.795051e-06 5.871974e-06 -6.230204e-06 0.000000e+00 0.000000e+00 0.000000e+00 1.000000e-08 1.000000e-06 0.000000e+00
4.558849e-06 7.413077e-06 -4.927968e-06 0.000000e+00 0.000000e+00 0.000000e+00 1.000000e-08 1.000000e-06 0.000000e+00
5.028651e-06 5.772212e-06 -4.482422e-06 0.000000e+00 0.000000e+00 0.000000e+00 1.000000e-08 1.000000e-06 0.000000e+00
-6.853686e-07 -5.515245e-07 5.619789e-06 0.000000e+00 0.000000e+00 0.000000e+00 1.000000e-08 1.000000e-06 0.000000e+00
1.669237e-06 9.940066e-08 5.668872e-06 0.000000e+00 0.000000e+00 0.000000e+00 1.000000e-08 1.000000e-06 0.000000e+00
1.595123e-06 5.642146e-07 4.355143e-06 0.000000e+00 0.000000e+00 0.000000e+00 1.000000e-08 1.000000e-06 0.000000e+00
4.529112e-07 4.972693e-07 4.617830e-06 0.000000e+00 0.000000e+00 0.000000e+00 1.000000e-08 1.000000e-06 0.000000e+00
6.922712e-07 -1.418846e-06 4.464495e-06 0.000000e+00 0.000000e+00 0.000000e+00 1.000000e-08 1.000000e-06 0.000000e+00
4.149138e-07 -1.084791e-08 4.532785e-06 0.000000e+00 0.000000e+00 0.000000e+00 1.000000e-08 1.000000e-06 0.000000e+00
6.129705e-06 7.147378e-06 4.682511e-06 0.000000e+00 0.000000e+00 0.000000e+00 1.000000e-08 1.000000e-06 0.000000e+00
5.186386e-06 7.253905e-06 4.606176e-06 0.000000e+00 0.000000e+00 0.000000e+00 1.000000e-08 1.000000e-06 0.000000e+00
5.336885e-06 7.369797e-06 4.506682e-06 0.000000e+00 0.000000e+00 0.000000e+00 1.000000e-08 1.000000e-06 0.000000e+00
4.367430e-06 6.312845e-06 3.940189e-06 0.000000e+00 0.000000e+00 0.000000e+00 1.000000e-08 1.000000e-06 0.000000e+00
4.301171e-06 6.621004e-06 2.762996e-06 0.000000e+00 0.000000e+00 0.000000e+00 1.000000e-08 1.000000e-06 0.000000e+00
3.253315e-06 7.413612e-06 4.044729e-06 0.000000e+00 0.000000e+00 0.000000e+00 1.000000e-08 1.000000e-06 0.000000e+00
8.274660e-06 2.458901e-06 -4.169479e-07 0.000000e+00 0.000000e+00 0.000000e+00 1.000000e-08 1.000000e-06 0.000000e+00
8.208651e-06 4.294397e-06 1.160390e-07 0.000000e+00 0.000000e+00 0.000000e+00 1.000000e-08 1.000000e-06 0.000000e+00
6.710304e-06 4.150893e-06 -3.688249e-07 0.000000e+00 0.000000e+00 0.000000e+00 1.000000e-08 1.000000e-06 0.000000e+00
5.962589e-06 2.460724e-06 4.929865e-08 0.000000e+00 0.000000e+00 0.000000e+00 1.000000e-08 1.000000e-06 0.000000e+00
8.774439e-06 4.303716e-06 -1.440059e-07 0.000000e+00 0.000000e+00 0.000000e+00 1.000000e-08 1.000000e-06 0.000000e+00
7.490831e-06 3.767461e-06 -4.410238e-07 0.000000e+00 0.000000e+00 0.000000e+00 1.000000e-08 1.000000e-06 0.000000e+00
-4.537250e-06 -7.102107e-06 1.323282e-06 0.000000e+00 0.000000e+00 0.000000e+00 1.000000e-08 1.000000e-06 0.000000e+00
-3.567883e-06 -5.904793e-06 6.541037e-07 0.000000e+00 0.000000e+00 0.000000e+00 1.000000e-08 1.000000e-06 0.000000e+00
-2.524615e-06 -7.109501e-06 8.387320e-07 0.000000e+00 0.000000e+00 0.000000e+00 1.000000e-08 1.000000e-06 0.000000e+00
-2.361461e-06 -5.192783e-06 1.036293e-06 0.000000e+00 0.000000e+00 0.000000e+00 1.000000e-08 1.000000e-06 0.000000e+00
-2.194045e-06 -7.151450e-06 1.178590e-06 0.000000e+00 0.000000e+00 0.000000e+00 1.000000e-08 1.000000e-06 0.000000e+00
-3.514178e-06 -6.678425e-06 -5.366147e-07 0.000000e+00 0.000000e+00 0.000000e+00 1.000000e-08 1.000000e-06 0.000000e+00
3.966867e-06 5.475328e-06 -5.639384e-06 0.000000e+00 0.000000e+00 0.000000e+00 1.000000e-08 1.000000e-06 0.000000e+00
4.508253e-06 5.799936e-06 -4.347935e-06 0.000000e+00 0.000000e+00 0.000000e+00 1.000000e-08 1.000000e-06 0.000000e+00
5.849183e-06 7.165330e-06 -3.835525e-06 0.000000e+00 0.000000e+00 0.000000e+00 1.000000e-08 1.000000e-06 0.000000e+00
3.156223e-06 7.242076e-06 -4.613495e-06 0.000000e+00 0.000000e+00 0.000000e+00 1.000000e-08 1.000000e-06 0.000000e+00
3.004831e-06 7.225640e-06 -3.851086e-06 0.000000e+00 0.000000e+00 0.000000e+00 1.000000e-08 1.000000e-06 0.000000e+00
4.942071e-06 5.338372e-06 -4.833344e-06 0.000000e+00 0.000000e+00 0.000000e+00 1.000000e-08 1.000000e-06 0.000000e+00
9.837565e-06 1.484913e-06 2.093224e-06 0.000000e+00 0.000000e+00 0.000000e+00 1.000000e-08 1.000000e-06 0.000000e+00
9.772745e-06 -4.797358e-07 2.087784e-06 0.000000e+00 0.000000e+00 0.000000e+00 1.000000e-08 1.000000e-06 0.000000e+00
8.781552e-06 4.528588e-07 1.355145e-06 0.000000e+00 0.000000e+00 0.000000e+00 1.000000e-08 1.000000e-06 0.000000e+00
9.099837e-06 1.929506e-07 2.499695e-06 0.000000e+00 0.000000e+00 0.000000e+00 1.000000e-08 1.000000e-06 0.000000e+00
7.834132e-06 -4.974496e-07 1.797998e-06 0.000000e+00 0.000000e+00 0.000000e+00 1.000000e-08 1.000000e-06 0.000000e+00
7.495932e-06 1.493164e-06 2.381581e-06 0.000000e+00 0.000000e+00 0.000000e+00 1.000000e-08 1.000000e-06 0.000000e+00
5.999909e-06 8.288664e-06 7.702235e-06 0.000000e+00 0.000000e+00 0.000000e+00 1.000000e-08 1.000000e-06 0.000000e+00
6.560407e-06 9.694720e-06 9.471334e-06 0.000000e+00 0.000000e+00 0.000000e+00 1.000000e-08 1.000000e-06 0.000000e+00
5.252304e-06 8.386891e-06 9.403999e-06 0.000000e+00 0.000000e+00 0.000000e+00 1.000000e-08 1.000000e-06 0.000000e+00
6.051379e-06 9.464988e-06 8.347107e-06 0.000000e+00 0.000000e+00 0.000000e+00 1.000000e-08 1.000000e-06 0.000000e+00
4.822529e-06 8.059130e-06 9.300986e-06 0.000000e+00 0.000000e+00 0.000000e+00 1.000000e-08 1.000000e-06 0.000000e+00
5.139606e-06 8.466249e-06 8.331772e-06 0.000000e+00 0.000000e+00 0.000000e+00 1.000000e-08 1.000000e-06 0.000000e+00
4.381796e-06 1.063914e-05 9.627830e-06 0.000000e+00 0.000000e+00 0.000000e+00 1.000000e-08 1.000000e-06 0.000000e+00
2.567198e-06 1.034930e-05 8.805926e-06 0.000000e+00 0.000000e+00 0.000000e+00 1.000000e-08 1.000000e-06 0.000000e+00
4.151722e-06 1.086431e-05 9.533539e-06 0.000000e+00 0.000000e+00 0.000000e+00 1.000000e-08 1.000000e-06 0.000000e+00
3.030176e-06 1.095558e-05 8.295658e-06 0.000000e+00 0.000000e+00 0.000000e+00 1.000000e-08 1.000000e-06 0.000000e+00
3.299708e-06 9.265923e-06 9.339504e-06 0.000000e+00 0.000000e+00 0.000000e+00 1.000000e-08 1.000000e-06 0.000000e+00
4.157312e-06 9.037792e-06 9.568466e-06 0.000000e+00 0.000000e+00 0.000000e+00 1.000000e-08 1.000000e-06 0.000000e+00
-3.941256e-06 -8.795443e-06 8.962650e-06 0.000000e+00 0.000000e+00 0.000000e+00 1.000000e-08 1.000000e-06 0.000000e+00
-3.930258e-06 -9.140670e-06 8.960430e-06 0.000000e+00 0.000000e+00 0.000000e+00 1.000000e-08 1.000000e-06 0.000000e+00
-4.283438e-06 -8.959267e-06 8.606327e-06 0.000000e+00 0.000000e+00 0.000000e+00 1.000000e-08 1.000000e-06 0.000000e+00
-6.013564e-06 -9.145218e-06 8.870949e-06 0.000000e+00 0.000000e+00 0.000000e+00 1.000000e-08 1.000000e-06 0.000000e+00
-4.905927e-06 -9.936991e-06 8.896478e-06 0.000000e+00 0.000000e+00 0.000000e+00 1.000000e-08 1.000000e-06 0.000000e+00
-7.494615e-06 -9.798420e-06 8.706171e-06 0.000000e+00 0.000000e+00 0.000000e+00 1.000000e-08 1.000000e-06 0.000000e+00
5.006085e-06 2.724193e-06 -4.925746e-06 0.000000e+00 0.000000e+00 0.000000e+00 1.000000e-08 1.000000e-06 0.000000e+00
6.308247e-06 2.356297e-06 -3.605324e-06 0.000000e+00 0.000000e+00 0.000000e+00 1.000000e-08 1.000000e-06 0.000000e+00
3.410221e-06 2.227176e-06 -3.855622e-06 0.000000e+00 0.000000e+00 0.000000e+00 1.000000e-08 1.000000e-06 0.000000e+00
4.378633e-06 2.272618e-06 -3.421159e-06 0.000000e+00 0.000000e+00 0.000000e+00 1.000000e-08 1.000000e-06 0.000000e+00
4.784677e-06 2.590599e-06 -3.423180e-06 0.000000e+00 0.000000e+00 0.000000e+00 1.000000e-08 1.000000e-06 0.000000e+00
3.626191e-06 2.979042e-06 -4.089398e-06 0.000000e+00 0.000000e+00 0.000000e+00 1.000000e-08 1.000000e-06 0.000000e+00
-6.831154e-08 -6.757906e-06 -4.458576e-06 0.000000e+00 0.000000e+00 0.000000e+00 1.000000e-08 1.000000e-06 0.000000e+00
5.040395e-07 -8.530819e-06 -3.676661e-06 0.000000e+00 0.000000e+00 0.000000e+00 1.000000e-08 1.000000e-06 0.000000e+00
-2.605943e-07 -6.641071e-06 -4.993434e-06 0.000000e+00 0.000000e+00 0.000000e+00 1.000000e-08 1.000000e-06 0.000000e+00
-1.927686e-08 -8.585514e-06 -4.741980e-06 0.000000e+00 0.000000e+00 0.000000e+00 1.000000e-08 1.000000e-06 0.000000e+00
2.023600e-07 -7.062054e-06 -4.721002e-06 0.000000e+00 0.000000e+00 0.000000e+00 1.000000e-08 1.000000e-06 0.000000e+00
-5.728681e-07 -7.593949e-06 -3.521063e-06 0.000000e+00 0.000000e+00 0.000000e+00 1.000000e-08 1.000000e-06 0.000000e+00
1.139169e-06 4.227776e-06 4.506279e-06 0.000000e+00 0.000000e+00 0.000000e+00 1.000000e-08 1.000000e-06 0.000000e+00
4.322225e-06 3.415498e-06 4.727012e-06 0.000000e+00 0.000000e+00 0.000000e+00 1.000000e-08 1.000000e-06 0.000000e+00
1.671706e-06 3.434558e-06 4.678354e-06 0.000000e+00 0.000000e+00 0.000000e+00 1.000000e-08 1.000000e-06 0.000000e+00
2.822761e-06 4.794963e-06 3.177398e-06 0.000000e+00 0.000000e+00 0.000000e+00 1.000000e-08 1.000000e-06 0.000000e+00
4.032711e-06 4.873217e-06 3.883330e-06 0.000000e+00 0.000000e+00 0.000000e+00 1.000000e-08 1.000000e-06 0.000000e+00
3.542878e-06 3.803758e-06 4.686799e-06 0.000000e+00 0.000000e+00 0.000000e+00 1.000000e-08 1.000000e-06 0.000000e+00
9.356837e-07 -1.707124e-06 -2.909664e-06 0.000000e+00 0.000000e+00 0.000000e+00 1.000000e-08 1.000000e-06 0.000000e+00
7.844578e-07 -1.574253e-06 -3.062166e-06 0.000000e+00 0.000000e+00 0.000000e+00 1.000000e-08 1.000000e-06 0.000000e+00
-8.989093e-07 -2.177241e-06 -3.159117e-06 0.000000e+00 0.000000e+00 0.000000e+00 1.000000e-08 1.000000e-06 0.000000e+00
6.725798e-07 -2.249562e-06 -4.647518e-06 0.000000e+00 0.000000e+00 0.000000e+00 1.000000e-08 1.000000e-06 0.000000e+00
-9.503637e-07 -5.028615e-07 -3.109908e-06 0.000000e+00 0.000000e+00 0.000000e+00 1.000000e-08 1.000000e-06 0.000000e+00
1.840063e-06 -2.334288e-06 -3.019152e-06 0.000000e+00 0.000000e+00 0.000000e+00 1.000000e-08 1.000000e-06 0.000000e+00
1.336967e-06 1.054477e-05 4.711808e-07 0.000000e+00 0.000000e+00 0.000000e+00 1.000000e-08 1.000000e-06 0.000000e+00
6.088079e-07 9.151296e-06 1.779370e-06 0.000000e+00 0.000000e+00 0.000000e+00 1.000000e-08 1.000000e-06 0.000000e+00
2.549511e-06 9.612878e-06 1.467756e-06 0.000000e+00 0.000000e+00 0.000000e+00 1.000000e-08 1.000000e-06 0.000000e+00
-9.351010e-07 9.200488e-06 1.938928e-06 0.000000e+00 0.000000e+00 0.000000e+00 1.000000e-08 1.000000e-06 0.000000e+00
1.114497e-06 8.622366e-06 9.077884e-08 0.000000e+00 0.000000e+00 0.000000e+00 1.000000e-08 1.000000e-06 0.000000e+00
1.146515e-06 8.812710e-06 2.280156e-07 0.000000e+00 0.000000e+00 0.000000e+00 1.000000e-08 1.000000e-06 0.000000e+00
6.524007e-06 1.002200e-05 -2.618901e-06 0.000000e+00 0.000000e+00 0.000000e+00 1.000000e-08 1.000000e-06 0.000000e+00
4.921445e-06 1.069321e-05 -2.546963e-06 0.000000e+00 0.000000e+00 0.000000e+00 1.000000e-08 1.000000e-06 0.000000e+00
4.387626e-06 9.200708e-06 -2.631178e-06 0.000000e+00 0.000000e+00 0.000000e+00 1.000000e-08 1.000000e-06 0.000000e+00
6.987529e-06 8.740450e-06 -3.249425e-06 0.000000e+00 0.000000e+00 0.000000e+00 1.000000e-08 1.000000e-06 0.000000e+00
6.413949e-06 1.051339e-05 -4.303441e-06 0.000000e+00 0.000000e+00 0.000000e+00 1.000000e-08 1.000000e-06 0.000000e+00
5.574413e-06 9.063344e-06 -2.639375e-06 0.000000e+00 0.000000e+00 0.000000e+00 1.000000e-08 1.000000e-06 0.000000e+00
8.035390e-06 7.390321e-06 -8.215908e-06 0.000000e+00 0.000000e+00 0.000000e+00 1.000000e-08 1.000000e-06 0.000000e+00
8.259367e-06 8.602697e-06 -8.446245e-06 0.000000e+00 0.000000e+00 0.000000e+00 1.000000e-08 1.000000e-06 0.000000e+00
8.144415e-06 7.010660e-06 -7.660598e-06 0.000000e+00 0.000000e+00 0.000000e+00 1.000000e-08 1.000000e-06 0.000000e+00
9.155257e-06 7.069519e-06 -9.237824e-06 0.000000e+00 0.000000e+00 0.000000e+00 1.000000e-08 1.000000e-06 0.000000e+00
8.199731e-06 7.008316e-06 -7.761798e-06 0.000000e+00 0.000000e+00 0.000000e+00 1.000000e-08 1.000000e-06 0.000000e+00
9.031819e-06 7.289811e-06 -8.738883e-06 0.000000e+00 0.000000e+00 0.000000e+00 1.000000e-08 1.000000e-06 0.000000e+00
-1.102372e-05 -4.066903e-06 5.001304e-06 0.000000e+00 0.000000e+00 0.000000e+00 1.000000e-08 1.000000e-06 0.000000e+00
-1.136751e-05 -3.819904e-06 5.359085e-06 0.000000e+00 0.000000e+00 0.000000e+00 1.000000e-08 1.000000e-06 0.000000e+00
-9.885229e-06 -3.370308e-06 3.876833e-06 0.000000e+00 0.000000e+00 0.000000e+00 1.000000e-08 1.000000e-06 0.000000e+00
-9.918784e-06 -3.869981e-06 5.662526e-06 0.000000e+00 0.000000e+00 0.000000e+00 1.000000e-08 1.000000e-06 0.000000e+00
-7.975355e-06 -4.665355e-06 5.520690e-06 0.000000e+00 0.000000e+00 0.000000e+00 1.000000e-08 1.000000e-06 0.000000e+00
-1.141429e-05 -4.672776e-06 5.482475e-06 0.000000e+00 0.000000e+00 0.000000e+00 1.000000e-08 1.000000e-06 0.000000e+00
3.880158e-06 9.171491e-06 7.328873e-06 0.000000e+00 0.000000e+00 0.000000e+00 1.000000e-08 1.000000e-06 0.000000e+00
5.691574e-06 9.043809e-06 6.256130e-06 0.000000e+00 0.000000e+00 0.000000e+00 1.000000e-08 1.000000e-06 0.000000e+00
4.557395e-06 7.204319e-06 6.421875e-06 0.000000e+00 0.000000e+00 0.000000e+00 1.000000e-08 1.000000e-06 0.000000e+00
5.617171e-06 9.087895e-06 5.839449e-06 0.000000e+00 0.000000e+00 0.000000e+00 1.000000e-08 1.000000e-06 0.000000e+00
6.507848e-06 8.207273e-06 6.671952e-06 0.000000e+00 0.000000e+00 0.000000e+00 1.000000e-08 1.000000e-06 0.000000e+00
5.041997e-06 7.826804e-06 6.881824e-06 0.000000e+00 0.000000e+00 0.000000e+00 1.000000e-08 1.000000e-06 0.000000e+00
2.680642e-06 1.890260e-06 1.021731e-05 0.000000e+00 0.000000e+00 0.000000e+00 1.000000e-08 1.000000e-06 0.000000e+00
4.030054e-06 1.312570e-06 1.027199e-05 0.000000e+00 0.000000e+00 0.000000e+00 1.000000e-08 1.000000e-06 0.000000e+00
4.209773e-06 3.270514e-06 1.023219e-05 0.000000e+00 0.000000e+00 0.000000e+00 1.000000e-08 1.000000e-06 0.000000e+00
2.812157e-06 3.264931e-06 8.841693e-06 0.000000e+00 0.000000e+00 0.000000e+00 1.000000e-08 1.000000e-06 0.000000e+00
2.787626e-06 2.866348e-06 9.243233e-06 0.000000e+00 0.000000e+00 0.000000e+00 1.000000e-08 1.000000e-06 0.000000e+00
2.776133e-06 1.493771e-06 9.082519e-06 0.000000e+00 0.000000e+00 0.000000e+00 1.000000e-08 1.000000e-06 0.000000e+00
6.249868e-06 -8.670575e-06 -6.168854e-06 0.000000e+00 0.000000e+00 0.000000e+00 1.000000e-08 1.000000e-06 0.000000e+00
5.736747e-06 -9.325662e-06 -6.725709e-06 0.000000e+00 0.000000e+00 0.000000e+00 1.000000e-08 1.000000e-06 0.000000e+00
6.834383e-06 -8.634336e-06 -7.470064e-06 0.000000e+00 0.000000e+00 0.000000e+00 1.000000e-08 1.000000e-06 0.000000e+00
5.250939e-06 -9.573546e-06 -6.154179e-06 0.000000e+00 0.000000e+00 0.000000e+00 1.000000e-08 1.000000e-06 0.000000e+00
6.775380e-06 -9.167423e-06 -7.517284e-06 0.000000e+00 0.000000e+00 0.000000e+00 1.000000e-08 1.000000e-06 0.000000e+00
4.888941e-06 -7.999681e-06 -6.758002e-06 0.000000e+00 0.000000e+00 0.000000e+00 1.000000e-08 1.000000e-06 0.000000e+00
-7.276361e-06 7.550134e-06 8.906288e-06 0.000000e+00 0.000000e+00 0.000000e+00 1.000000e-08 1.000000e-06 0.000000e+00
-7.134796e-06 6.440305e-06 9.483310e-06 0.000000e+00 0.000000e+00 0.000000e+00 1.000000e-08 1.000000e-06 0.000000e+00
-7.733159e-06 7.266081e-06 8.448691e-06 0.000000e+00 0.000000e+00 0.000000e+00 1.000000e-08 1.000000e-06 0.000000e+00
-9.731694e-06 8.145928e-06 1.028594e-05 0.000000e+00 0.000000e+00 0.000000e+00 1.000000e-08 1.000000e-06 0.000000e+00
-7.815153e-06 7.501282e-06 1.027104e-05 0.000000e+00 0.000000e+00 0.000000e+00 1.000000e-08 1.000000e-06 0.000000e+00
-7.261551e-06 6.702661e-06 9.908469e-06 0.000000e+00 0.000000e+00 0.000000e+00 1.000000e-08 1.000000e-06 0.000000e+00
4.117869e-06 -1.971133e-06 -3.012150e-07 0.000000e+00 0.000000e+00 0.000000e+00 1.000000e-08 1.000000e-06 0.000000e+00
5.030136e-06 -3.317008e-06 -1.053983e-06 0.000000e+00 0.000000e+00 0.000000e+00 1.000000e-08 1.000000e-06 0.000000e+00
4.780980e-06 -1.405533e-06 -6.010686e-07 0.000000e+00 0.000000e+00 0.000000e+00 1.000000e-08 1.000000e-06 0.000000e+00
6.084853e-06 -2.336558e-06 -1.436782e-06 0.000000e+00 0.000000e+00 0.000000e+00 1.000000e-08 1.000000e-06 0.000000e+00
6.027999e-06 -2.440538e-06 -8.925630e-07 0.000000e+00 0.000000e+00 0.000000e+00 1.000000e-08 1.000000e-06 0.000000e+00
6.095597e-06 -2.005324e-06 -2.111400e-06 0.000000e+00 0.000000e+00 0.000000e+00 1.000000e-08 1.000000e-06 0.000000e+00
-3.001634e-06 6.292977e-06 -7.132047e-06 0.000000e+00 0.000000e+00 0.000000e+00 1.000000e-08 1.000000e-06 0.000000e+00
-8.047350e-07 6.127558e-06 -7.041148e-06 0.000000e+00 0.000000e+00 0.000000e+00 1.000000e-08 1.000000e-06 0.000000e+00
-2.680469e-06 6.371072e-06 -8.951102e-06 0.000000e+00 0.000000e+00 0.000000e+00 1.000000e-08 1.000000e-06 0.000000e+00
-3.861414e-06 6.522088e-06 -7.795043e-06 0.000000e+00 0.000000e+00 0.000000e+00 1.000000e-08 1.000000e-06 0.000000e+00
-2.019004e-06 5.681062e-06 -7.882047e-06 0.000000e+00 0.000000e+00 0.000000e+00 1.000000e-08 1.000000e-06 0.000000e+00
-1.797797e-06 5.659192e-06 -7.594265e-06 0.000000e+00 0.000000e+00 0.000000e+00 1.000000e-08 1.000000e-06 0.000000e+00
-4.455204e-06 -3.205389e-06 8.459737e-06 0.000000e+00 0.000000e+00 0.000000e+00 1.000000e-08 1.000000e-06 0.000000e+00
-5.641554e-06 -3.876534e-06 9.158662e-06 0.000000e+00 0.000000e+00 0.000000e+00 1.000000e-08 1.000000e-06 0.000000e+00
-4.056617e-06 -2.658442e-06 8.446768e-06 0.000000e+00 0.000000e+00 0.000000e+00 1.000000e-08 1.000000e-06 0.000000e+00
-5.878187e-06 -4.369001e-06 9.884185e-06 0.000000e+00 0.000000e+00 0.000000e+00 1.000000e-08 1.000000e-06 0.000000e+00
-4.272567e-06 -2.371208e-06 8.294461e-06 0.000000e+00 0.000000e+00 0.000000e+00 1.000000e-08 1.000000e-06 0.000000e+00
-4.118051e-06 -3.284099e-06 8.348894e-06 0.000000e+00 0.000000e+00 0.000000e+00 1.000000e-08 1.000000e-06 0.000000e+00
-6.234545e-06 -7.677927e-06 -1.120545e-06 0.000000e+00 0.000000e+00 0.000000e+00 1.000000e-08 1.000000e-06 0.000000e+00
-6.947163e-06 -6.168411e-06 -2.586585e-06 0.000000e+00 0.000000e+00 0.000000e+00 1.000000e-08 1.000000e-06 0.000000e+00
-8.535483e-06 -7.876099e-06 -9.454560e-07 0.000000e+00 0.000000e+00 0.000000e+00 1.000000e-08 1.000000e-06 0.000000e+00
-6.417271e-06 -7.933612e-06 -2.147849e-06 0.000000e+00 0.000000e+00 0.000000e+00 1.000000e-08 1.000000e-06 0.000000e+00
-5.361081e-06 -8.102798e-06 -9.292088e-07 0.000000e+00 0.000000e+00 0.000000e+00 1.000000e-08 1.000000e-06 0.000000e+00
-5.704723e-06 -6.140201e-06 -1.560718e-06 0.000000e+00 0.000000e+00 0.000000e+00 1.000000e-08 1.000000e-06 0.000000e+00
5.518353e-06 1.942766e-06 1.081203e-05 0.000000e+00 0.000000e+00 0.000000e+00 1.000000e-08 1.000000e-06 0.000000e+00
3.791851e-06 1.922284e-07 1.012274e-05 0.000000e+00 0.000000e+00 0.000000e+00 1.000000e-08 1.000000e-06 0.000000e+00
5.470130e-06 1.990660e-06 9.682108e-06 0.000000e+00 0.000000e+00 0.000000e+00 1.000000e-08 1.000000e-06 0.000000e+00
3.381858e-06 2.004059e-07 1.081203e-05 0.000000e+00 0.000000e+00 0.000000e+00 1.000000e-08 1.000000e-06 0.000000e+00
4.661616e-06 1.080523e-06 9.407032e-06 0.000000e+00 0.000000e+00 0.000000e+00 1.000000e-08 1.000000e-06 0.000000e+00
4.218470e-06 6.967190e-07 1.067632e-05 0.000000e+00 0.000000e+00 0.000000e+00 1.000000e-08 1.000000e-06 0.000000e+00
