0 31 1.900000e-06 1.000000e-07
0 1 1.900000e-06 1.000000e-07
1 2 1.900000e-06 1.000000e-07
2 3 1.900000e-06 1.000000e-07
3 4 1.900000e-06 1.000000e-07
4 5 1.900000e-06 1.000000e-07
5 6 1.900000e-06 1.000000e-07
6 7 1.900000e-06 1.000000e-07
7 8 1.900000e-06 1.000000e-07
8 9 1.900000e-06 1.000000e-07
9 10 1.900000e-06 1.000000e-07
10 11 1.900000e-06 1.000000e-07
11 12 1.900000e-06 1.000000e-07
12 13 1.900000e-06 1.000000e-07
13 14 1.900000e-06 1.000000e-07
14 15 1.900000e-06 1.000000e-07
15 16 1.900000e-06 1.000000e-07
16 17 1.900000e-06 1.000000e-07
17 18 1.900000e-06 1.000000e-07
18 19 1.900000e-06 1.000000e-07
19 20 1.900000e-06 1.000000e-07
20 21 1.900000e-06 1.000000e-07
21 22 1.900000e-06 1.000000e-07
22 23 1.900000e-06 1.000000e-07
23 24 1.900000e-06 1.000000e-07
24 25 1.900000e-06 1.000000e-07
25 26 1.900000e-06 1.000000e-07
26 27 1.900000e-06 1.000000e-07
27 28 1.900000e-06 1.000000e-07
28 29 1.900000e-06 1.000000e-07
29 30 1.900000e-06 1.000000e-07
30 31 1.900000e-06 1.000000e-07
